 Date Time Temp Humidity Light
8-10-2017 516 21 72 1019
8-10-2017 511 20 72 712
8-10-2017 516 21 73 749
8-10-2017 521 21 73 751
8-10-2017 526 21 72 777
8-10-2017 531 21 73 827
8-10-2017 536 21 73 770
8-10-2017 541 21 72 785
8-10-2017 546 21 72 799
8-10-2017 551 21 72 792
8-10-2017 556 21 72 763
8-10-2017 561 21 72 713
8-10-2017 566 21 72 721
8-10-2017 571 21 72 742
8-10-2017 576 21 72 746
8-10-2017 581 21 72 731
8-10-2017 586 21 72 742
8-10-2017 591 20 73 765
8-10-2017 596 20 73 698
8-10-2017 601 21 72 712
8-10-2017 606 21 72 719
8-10-2017 611 21 72 736
8-10-2017 616 21 72 769
8-10-2017 621 21 72 738
8-10-2017 626 21 72 699
8-10-2017 631 21 72 655
8-10-2017 636 21 72 652
8-10-2017 641 21 72 567
8-10-2017 646 21 72 620
8-10-2017 651 21 72 644
8-10-2017 656 21 71 633
8-10-2017 661 21 71 622
8-10-2017 666 21 71 619
8-10-2017 671 21 71 594
8-10-2017 676 21 71 608
8-10-2017 681 21 71 628
8-10-2017 686 21 71 590
8-10-2017 691 21 71 577
8-10-2017 696 21 71 562
8-10-2017 701 21 71 611
8-10-2017 706 21 71 569
8-10-2017 711 21 71 567
8-10-2017 716 21 71 585
8-10-2017 721 21 71 592
8-10-2017 726 21 71 604
8-10-2017 731 21 71 614
8-10-2017 736 21 71 642
8-10-2017 741 21 71 598
8-10-2017 746 21 71 670
8-10-2017 751 21 71 704
8-10-2017 756 21 71 712
8-10-2017 761 21 71 736
8-10-2017 766 21 71 760
8-10-2017 771 21 71 751
8-10-2017 776 21 71 744
8-10-2017 781 21 71 756
8-10-2017 786 21 71 779
8-10-2017 791 20 72 777
8-10-2017 796 21 71 821
8-10-2017 801 21 71 830
8-10-2017 806 20 72 805
8-10-2017 811 20 72 824
8-10-2017 816 20 72 809
8-10-2017 821 21 71 795
8-10-2017 826 20 72 788
8-10-2017 831 20 72 781
8-10-2017 836 20 72 770
8-10-2017 841 20 72 779
8-10-2017 846 20 72 794
8-10-2017 851 20 72 817
8-10-2017 856 20 72 854
8-10-2017 861 20 72 888
8-10-2017 866 20 72 893
8-10-2017 871 20 72 913
8-10-2017 876 20 72 905
8-10-2017 881 21 71 886
8-10-2017 886 20 72 880
8-10-2017 891 20 72 859
8-10-2017 896 20 72 838
8-10-2017 901 20 72 815
8-10-2017 906 20 72 804
8-10-2017 911 20 72 739
8-10-2017 916 20 72 700
8-10-2017 921 20 72 701
8-10-2017 926 20 71 760
8-10-2017 931 20 71 826
8-10-2017 936 20 72 833
8-10-2017 941 21 70 808
8-10-2017 946 20 71 817
8-10-2017 951 20 71 848
8-10-2017 956 20 72 858
8-10-2017 961 20 71 901
8-10-2017 966 20 71 935
8-10-2017 971 20 71 928
8-10-2017 976 20 71 927
8-10-2017 981 20 71 920
8-10-2017 986 20 71 931
8-10-2017 991 20 71 948
8-10-2017 996 20 71 958
8-10-2017 1001 20 71 976
8-10-2017 1006 21 70 998
8-10-2017 1011 20 71 1008
8-10-2017 1016 20 71 1014
8-10-2017 1021 20 71 1017
8-10-2017 1026 20 71 1018
8-10-2017 1031 20 71 1019
8-10-2017 1036 20 71 1019
8-10-2017 1041 20 71 1019
8-10-2017 1046 20 71 1019
8-10-2017 1051 20 71 1019
8-10-2017 1056 20 71 1020
8-10-2017 1061 20 71 1019
8-10-2017 1066 20 71 1019
8-10-2017 1071 20 71 337
8-10-2017 1076 20 71 345
8-10-2017 1081 20 70 341
8-10-2017 1086 20 70 339
8-10-2017 1091 20 71 337
8-10-2017 1096 20 71 340
8-10-2017 1101 21 70 337
8-10-2017 1106 21 70 336
8-10-2017 1111 21 70 338
8-10-2017 1116 21 70 339
8-10-2017 1121 21 71 337
8-10-2017 1126 21 71 252
8-10-2017 1131 21 71 243
8-10-2017 1136 21 71 241
8-10-2017 1141 21 71 241
8-10-2017 1146 21 71 242
8-10-2017 1151 21 71 241
8-10-2017 1156 21 71 241
8-10-2017 1161 21 71 244
8-10-2017 1166 21 71 247
8-10-2017 1171 21 71 249
8-10-2017 1176 21 71 247
8-10-2017 1181 21 71 247
8-10-2017 1186 21 71 246
8-10-2017 1191 21 70 248
8-10-2017 1196 21 67 245
8-10-2017 1201 21 68 247
8-10-2017 1206 21 68 245
8-10-2017 1211 21 67 242
8-10-2017 1216 21 67 242
8-10-2017 1221 22 67 245
8-10-2017 1226 21 68 242
8-10-2017 1231 22 67 243
8-10-2017 1236 22 68 244
8-10-2017 1241 22 67 245
8-10-2017 1246 21 67 246
8-10-2017 1251 21 67 243
8-10-2017 1256 21 67 246
8-10-2017 1261 21 67 244
8-10-2017 1266 21 67 242
8-10-2017 1271 21 67 244
8-10-2017 1276 21 66 241
8-10-2017 1281 21 66 241
8-10-2017 1286 21 67 236
8-10-2017 1291 22 68 239
8-10-2017 1296 22 67 243
8-10-2017 1301 22 67 240
8-10-2017 1306 21 67 242
8-10-2017 1311 22 67 239
8-10-2017 1316 22 67 244
8-10-2017 1321 24 66 239
8-10-2017 1326 22 67 243
8-10-2017 1331 22 67 243
8-10-2017 1336 22 67 241
8-10-2017 1341 22 67 241
8-10-2017 1346 22 67 239
8-10-2017 1351 22 67 240
8-10-2017 1356 22 67 240
8-10-2017 1361 22 67 239
8-10-2017 1366 21 67 241
8-10-2017 1371 21 65 239
8-10-2017 1376 20 67 239
8-10-2017 1381 22 67 240
8-10-2017 1386 22 67 238
8-10-2017 1391 22 67 239
8-10-2017 1396 22 67 240
8-10-2017 1401 22 67 242
8-10-2017 1406 21 66 243
8-10-2017 1411 22 67 240
8-10-2017 1416 21 66 240
8-10-2017 1421 22 67 342
8-10-2017 1426 22 67 341
8-10-2017 1431 21 67 340
8-10-2017 1436 22 67 344
9-10-2017 1 22 67 339
9-10-2017 6 22 67 336
9-10-2017 11 21 66 335
9-10-2017 16 21 67 336
9-10-2017 21 21 67 338
9-10-2017 26 21 65 339
9-10-2017 31 21 66 340
9-10-2017 36 21 66 859
9-10-2017 41 21 66 1017
9-10-2017 46 21 66 1016
9-10-2017 51 21 66 1016
9-10-2017 56 21 67 1016
9-10-2017 61 21 67 1016
9-10-2017 66 21 67 1016
9-10-2017 71 22 67 1016
9-10-2017 76 22 67 865
9-10-2017 81 22 67 1016
9-10-2017 86 22 67 1016
9-10-2017 91 22 68 1016
9-10-2017 96 22 68 1016
9-10-2017 101 21 68 1015
9-10-2017 106 22 68 1015
9-10-2017 111 21 68 1016
9-10-2017 116 21 68 1016
9-10-2017 121 21 68 1015
9-10-2017 126 21 68 1016
9-10-2017 131 21 68 1016
9-10-2017 136 21 68 1016
9-10-2017 141 21 68 1016
9-10-2017 146 22 68 1016
9-10-2017 151 22 68 1016
9-10-2017 156 22 68 1016
9-10-2017 161 22 68 1015
9-10-2017 166 22 68 1016
9-10-2017 171 22 69 1015
9-10-2017 176 22 68 1015
9-10-2017 181 22 69 1015
9-10-2017 186 22 69 1016
9-10-2017 191 22 69 1016
9-10-2017 196 22 69 1016
9-10-2017 201 22 69 1015
9-10-2017 206 22 69 1016
9-10-2017 211 22 69 1015
9-10-2017 216 22 69 1016
9-10-2017 221 22 69 1015
9-10-2017 226 23 68 1016
9-10-2017 231 22 69 1015
9-10-2017 236 22 69 1016
9-10-2017 241 22 69 1015
9-10-2017 246 22 69 1016
9-10-2017 251 22 69 1016
9-10-2017 256 22 69 1015
9-10-2017 261 22 70 1015
9-10-2017 266 22 70 1015
9-10-2017 271 23 69 1016
9-10-2017 276 23 69 1015
9-10-2017 281 23 69 1016
9-10-2017 286 22 70 1016
9-10-2017 291 23 69 1015
9-10-2017 296 23 69 1016
9-10-2017 301 23 69 1015
9-10-2017 306 23 69 1015
9-10-2017 311 23 69 1015
9-10-2017 316 23 69 1015
9-10-2017 321 23 69 1016
9-10-2017 326 23 69 1015
9-10-2017 331 23 70 1015
9-10-2017 336 23 70 1014
9-10-2017 341 23 70 1013
9-10-2017 346 22 71 1010
9-10-2017 351 23 70 1005
9-10-2017 356 22 71 997
9-10-2017 361 22 71 987
9-10-2017 366 22 71 977
9-10-2017 371 23 70 974
9-10-2017 376 23 70 960
9-10-2017 381 22 71 961
9-10-2017 386 23 70 967
9-10-2017 391 23 70 958
9-10-2017 396 23 70 952
9-10-2017 401 23 70 955
9-10-2017 406 23 70 952
9-10-2017 411 23 70 972
9-10-2017 416 23 70 983
9-10-2017 421 23 70 981
9-10-2017 426 23 70 975
9-10-2017 431 23 70 969
9-10-2017 436 23 70 947
9-10-2017 441 23 70 917
9-10-2017 446 23 70 912
9-10-2017 451 23 70 904
9-10-2017 456 23 70 892
9-10-2017 461 23 71 859
9-10-2017 466 23 71 847
9-10-2017 471 23 71 839
9-10-2017 476 23 71 854
9-10-2017 481 23 71 870
9-10-2017 486 23 71 865
9-10-2017 491 23 71 839
9-10-2017 496 23 71 800
9-10-2017 501 23 71 785
9-10-2017 506 23 71 834
9-10-2017 511 23 71 834
9-10-2017 516 23 71 822
9-10-2017 521 23 71 872
9-10-2017 526 23 71 862
9-10-2017 531 23 71 849
9-10-2017 536 23 71 854
9-10-2017 541 23 71 854
9-10-2017 546 23 71 891
9-10-2017 551 23 71 893
9-10-2017 556 23 71 867
9-10-2017 561 23 71 835
9-10-2017 566 23 71 842
9-10-2017 571 23 71 827
9-10-2017 576 23 72 821
9-10-2017 581 23 72 813
9-10-2017 586 23 72 844
9-10-2017 591 23 72 876
9-10-2017 596 23 72 878
9-10-2017 601 23 72 893
9-10-2017 606 23 72 889
9-10-2017 611 23 72 851
9-10-2017 616 23 72 773
9-10-2017 621 23 72 758
9-10-2017 626 23 72 741
9-10-2017 631 23 72 767
9-10-2017 636 23 72 796
9-10-2017 641 23 72 813
9-10-2017 646 23 72 827
9-10-2017 651 23 72 799
9-10-2017 656 23 72 776
9-10-2017 660 23 72 777
9-10-2017 665 23 72 779
9-10-2017 670 23 72 785
9-10-2017 675 23 73 824
9-10-2017 680 23 72 800
9-10-2017 685 23 73 784
9-10-2017 690 23 73 786
9-10-2017 695 23 72 768
9-10-2017 700 23 72 739
9-10-2017 705 23 72 428
9-10-2017 710 23 72 403
9-10-2017 715 23 72 427
9-10-2017 720 23 72 472
9-10-2017 725 22 73 423
9-10-2017 730 22 73 426
9-10-2017 735 22 73 406
9-10-2017 740 22 73 391
9-10-2017 745 22 73 343
9-10-2017 750 22 73 316
9-10-2017 755 22 73 341
9-10-2017 760 22 74 369
9-10-2017 765 22 74 358
9-10-2017 770 22 74 404
9-10-2017 775 22 74 407
9-10-2017 780 22 74 406
9-10-2017 785 22 74 408
9-10-2017 790 22 74 370
9-10-2017 795 22 74 328
9-10-2017 800 22 74 303
9-10-2017 805 22 74 257
9-10-2017 810 22 74 284
9-10-2017 815 22 73 285
9-10-2017 820 22 73 310
9-10-2017 825 22 73 359
9-10-2017 830 22 73 418
9-10-2017 835 22 74 470
9-10-2017 840 22 74 451
9-10-2017 845 22 74 481
9-10-2017 850 22 73 505
9-10-2017 855 22 73 472
9-10-2017 860 21 69 455
9-10-2017 865 22 71 431
9-10-2017 870 22 71 426
9-10-2017 875 22 71 429
9-10-2017 880 22 70 448
9-10-2017 885 21 69 463
9-10-2017 890 21 70 467
9-10-2017 895 22 69 501
9-10-2017 900 21 70 529
9-10-2017 905 21 69 579
9-10-2017 910 21 70 616
9-10-2017 915 21 70 634
9-10-2017 920 21 70 645
9-10-2017 925 22 70 655
9-10-2017 930 22 70 654
9-10-2017 935 22 70 627
9-10-2017 940 22 70 629
9-10-2017 945 22 70 612
9-10-2017 950 21 70 606
9-10-2017 955 21 70 667
9-10-2017 960 22 70 739
9-10-2017 965 22 70 770
9-10-2017 970 22 71 784
9-10-2017 975 22 71 797
9-10-2017 980 22 71 798
9-10-2017 985 21 71 797
9-10-2017 990 22 71 843
9-10-2017 995 22 71 844
9-10-2017 1000 22 71 346
9-10-2017 1005 22 71 367
9-10-2017 1010 22 71 364
9-10-2017 1015 22 72 361
9-10-2017 1020 22 72 358
9-10-2017 1025 22 73 357
9-10-2017 1030 21 73 358
9-10-2017 1035 21 74 356
9-10-2017 1040 21 75 355
9-10-2017 1045 21 75 356
9-10-2017 1050 21 75 358
9-10-2017 1055 22 76 361
9-10-2017 1060 22 76 353
9-10-2017 1065 22 76 350
9-10-2017 1070 22 77 352
9-10-2017 1075 22 76 348
9-10-2017 1080 22 78 351
9-10-2017 1085 22 78 356
9-10-2017 1090 22 79 346
9-10-2017 1095 22 79 348
9-10-2017 1100 22 79 351
9-10-2017 1105 22 79 354
9-10-2017 1110 22 79 350
9-10-2017 1115 22 79 350
9-10-2017 1120 22 79 351
9-10-2017 1125 22 79 350
9-10-2017 1130 22 79 348
9-10-2017 1135 23 79 349
9-10-2017 1140 23 79 340
9-10-2017 1145 22 80 342
9-10-2017 1150 22 80 349
9-10-2017 1155 22 80 343
9-10-2017 1160 22 80 343
9-10-2017 1165 22 80 344
9-10-2017 1170 22 80 343
9-10-2017 1175 22 80 344
9-10-2017 1180 22 80 347
9-10-2017 1185 23 81 346
9-10-2017 1190 23 81 346
9-10-2017 1195 23 81 346
9-10-2017 1200 23 81 345
9-10-2017 1205 23 81 350
9-10-2017 1210 22 80 346
9-10-2017 1215 22 80 347
9-10-2017 1220 22 78 348
9-10-2017 1225 22 77 346
9-10-2017 1230 23 77 349
9-10-2017 1235 22 75 347
9-10-2017 1240 24 75 348
9-10-2017 1245 22 74 346
9-10-2017 1250 22 75 345
9-10-2017 1255 22 75 344
9-10-2017 1260 22 74 345
9-10-2017 1265 22 75 349
9-10-2017 1270 24 75 350
9-10-2017 1275 24 75 350
9-10-2017 1280 22 75 347
9-10-2017 1285 22 74 350
9-10-2017 1290 22 74 345
9-10-2017 1295 22 73 346
9-10-2017 1300 22 73 348
9-10-2017 1305 22 73 348
9-10-2017 1310 22 73 345
9-10-2017 1315 22 73 347
9-10-2017 1320 22 73 344
9-10-2017 1325 23 72 347
9-10-2017 1330 23 72 281
9-10-2017 1335 23 72 284
9-10-2017 1340 23 71 283
9-10-2017 1345 23 71 284
9-10-2017 1350 23 71 283
9-10-2017 1355 23 71 282
9-10-2017 1360 23 70 281
9-10-2017 1365 23 71 280
9-10-2017 1370 23 71 286
9-10-2017 1375 23 70 288
9-10-2017 1380 22 71 280
9-10-2017 1385 23 70 281
9-10-2017 1390 23 70 281
9-10-2017 1395 23 70 281
9-10-2017 1400 23 70 280
9-10-2017 1405 23 70 280
9-10-2017 1410 23 70 285
9-10-2017 1415 23 70 280
9-10-2017 1420 23 70 283
9-10-2017 1425 23 70 280
9-10-2017 1430 23 70 288
9-10-2017 1435 22 70 285
10-10-2017 0 22 70 284
10-10-2017 5 23 69 284
10-10-2017 10 23 70 283
10-10-2017 15 23 70 282
10-10-2017 20 22 70 283
10-10-2017 25 23 70 282
10-10-2017 30 22 70 285
10-10-2017 35 22 70 285
10-10-2017 40 23 70 343
10-10-2017 45 22 70 345
10-10-2017 50 22 70 763
10-10-2017 55 23 70 792
10-10-2017 60 23 70 1006
10-10-2017 65 22 71 1006
10-10-2017 70 23 70 1006
10-10-2017 75 23 70 1006
10-10-2017 80 23 71 1005
10-10-2017 85 22 72 1006
10-10-2017 90 22 72 1005
10-10-2017 95 23 71 1005
10-10-2017 100 23 71 1005
10-10-2017 105 23 71 1005
10-10-2017 110 23 72 1005
10-10-2017 115 23 72 1005
10-10-2017 120 23 72 1005
10-10-2017 125 23 72 1005
10-10-2017 130 22 73 1005
10-10-2017 135 22 73 1006
10-10-2017 140 22 73 1006
10-10-2017 145 22 73 1005
10-10-2017 150 22 74 1006
10-10-2017 155 22 74 1006
10-10-2017 160 22 74 1006
10-10-2017 165 22 74 1006
10-10-2017 170 22 74 1005
10-10-2017 175 21 75 1005
10-10-2017 180 21 75 1005
10-10-2017 185 21 75 1005
10-10-2017 190 21 75 1005
10-10-2017 195 21 75 1005
10-10-2017 200 21 75 1005
10-10-2017 205 21 76 1005
10-10-2017 210 21 76 1005
10-10-2017 215 21 76 1005
10-10-2017 220 21 76 1005
10-10-2017 225 21 76 1005
10-10-2017 230 21 78 1005
10-10-2017 235 21 78 1005
10-10-2017 240 21 78 1005
10-10-2017 245 21 78 1005
10-10-2017 250 21 78 1005
10-10-2017 255 21 78 1005
10-10-2017 260 21 79 1005
10-10-2017 265 21 79 1005
10-10-2017 270 21 79 1005
10-10-2017 275 21 79 1005
10-10-2017 280 21 79 1005
10-10-2017 285 21 79 1005
10-10-2017 290 21 79 1005
10-10-2017 295 21 79 1005
10-10-2017 300 21 79 1005
10-10-2017 305 21 79 1005
10-10-2017 310 21 79 1005
10-10-2017 315 21 79 1005
10-10-2017 320 21 79 1005
10-10-2017 325 21 79 1005
10-10-2017 330 21 79 1005
10-10-2017 335 21 79 1005
10-10-2017 340 21 79 1004
10-10-2017 345 21 79 1004
10-10-2017 350 21 79 1003
10-10-2017 355 21 79 1001
10-10-2017 360 21 79 1000
10-10-2017 365 21 79 1000
10-10-2017 370 21 79 996
10-10-2017 375 21 79 987
10-10-2017 380 21 79 981
10-10-2017 385 21 80 979
10-10-2017 390 21 80 980
10-10-2017 395 21 80 981
10-10-2017 400 21 80 982
10-10-2017 405 21 80 971
10-10-2017 410 21 80 952
10-10-2017 415 21 80 918
10-10-2017 420 21 80 869
10-10-2017 425 22 80 855
10-10-2017 430 21 80 875
10-10-2017 435 21 80 848
10-10-2017 440 21 80 830
10-10-2017 445 21 80 844
10-10-2017 450 21 80 888
10-10-2017 455 21 80 843
10-10-2017 460 21 80 840
10-10-2017 465 21 80 820
10-10-2017 470 21 80 792
10-10-2017 475 21 80 779
10-10-2017 480 21 80 752
10-10-2017 485 21 80 742
10-10-2017 490 21 80 718
10-10-2017 495 21 80 738
10-10-2017 500 21 80 729
10-10-2017 505 21 80 716
10-10-2017 510 21 80 718
10-10-2017 515 21 80 710
10-10-2017 520 21 80 682
10-10-2017 525 21 80 726
10-10-2017 530 21 80 704
10-10-2017 535 21 80 684
10-10-2017 540 21 80 692
10-10-2017 545 21 80 703
10-10-2017 550 21 80 725
10-10-2017 555 21 80 736
10-10-2017 560 21 80 737
10-10-2017 565 21 80 687
10-10-2017 570 21 80 725
10-10-2017 575 21 80 753
10-10-2017 580 21 80 787
10-10-2017 585 21 80 809
10-10-2017 590 21 80 812
10-10-2017 595 21 80 810
10-10-2017 600 21 80 819
10-10-2017 605 21 80 782
10-10-2017 610 21 80 750
10-10-2017 615 21 80 761
10-10-2017 620 21 80 778
10-10-2017 625 21 80 780
10-10-2017 630 21 80 760
10-10-2017 635 21 80 749
10-10-2017 640 21 80 756
10-10-2017 645 21 80 745
10-10-2017 650 21 80 648
10-10-2017 655 21 80 647
10-10-2017 660 21 80 619
10-10-2017 665 21 80 577
10-10-2017 670 21 80 531
10-10-2017 675 21 80 538
10-10-2017 680 21 80 472
10-10-2017 685 21 80 467
10-10-2017 690 21 80 474
10-10-2017 695 21 80 490
10-10-2017 700 21 79 396
10-10-2017 705 22 82 341
10-10-2017 710 22 82 333
10-10-2017 715 22 82 380
10-10-2017 720 22 82 363
10-10-2017 725 22 82 352
10-10-2017 730 23 81 340
10-10-2017 735 22 80 303
10-10-2017 740 22 80 294
10-10-2017 745 22 80 309
10-10-2017 750 22 80 331
10-10-2017 755 22 80 312
10-10-2017 760 22 80 328
10-10-2017 765 22 80 346
10-10-2017 770 22 80 360
10-10-2017 775 22 80 353
10-10-2017 780 22 80 449
10-10-2017 784 22 80 452
10-10-2017 789 23 81 441
10-10-2017 794 22 80 407
10-10-2017 799 22 80 404
10-10-2017 804 22 80 412
10-10-2017 809 22 80 366
10-10-2017 814 22 80 364
10-10-2017 819 22 80 381
10-10-2017 824 22 80 409
10-10-2017 829 22 79 420
10-10-2017 834 22 79 546
10-10-2017 839 22 79 411
10-10-2017 844 22 79 420
10-10-2017 849 22 79 416
10-10-2017 854 22 79 420
10-10-2017 859 22 79 388
10-10-2017 864 22 79 383
10-10-2017 869 23 81 375
10-10-2017 874 22 79 380
10-10-2017 879 22 79 374
10-10-2017 884 22 79 374
10-10-2017 889 22 79 402
10-10-2017 894 22 80 400
10-10-2017 899 22 79 384
10-10-2017 904 22 80 405
10-10-2017 909 22 80 382
10-10-2017 914 22 80 375
10-10-2017 919 22 79 383
10-10-2017 924 22 79 392
10-10-2017 929 22 79 395
10-10-2017 934 22 79 394
10-10-2017 939 22 79 407
10-10-2017 944 22 79 424
10-10-2017 949 22 79 429
10-10-2017 954 22 79 425
10-10-2017 959 22 74 427
10-10-2017 964 22 73 428
10-10-2017 969 23 71 432
10-10-2017 974 22 73 440
10-10-2017 979 23 72 451
10-10-2017 984 22 73 453
10-10-2017 989 23 71 451
10-10-2017 994 22 72 452
10-10-2017 999 23 72 434
10-10-2017 1004 23 71 447
10-10-2017 1009 23 71 447
10-10-2017 1014 23 70 449
10-10-2017 1019 22 72 450
10-10-2017 1024 22 72 449
10-10-2017 1029 21 71 449
10-10-2017 1034 22 72 435
10-10-2017 1039 21 70 433
10-10-2017 1044 21 70 437
10-10-2017 1049 21 70 438
10-10-2017 1054 21 70 432
10-10-2017 1059 21 70 433
10-10-2017 1064 21 69 433
10-10-2017 1069 21 70 438
10-10-2017 1074 21 69 434
10-10-2017 1079 21 70 436
10-10-2017 1084 21 69 430
10-10-2017 1089 21 69 439
10-10-2017 1094 22 69 437
10-10-2017 1099 21 69 454
10-10-2017 1104 21 69 451
10-10-2017 1109 21 69 451
10-10-2017 1114 23 67 452
10-10-2017 1119 21 69 450
10-10-2017 1124 21 69 452
10-10-2017 1129 21 69 450
10-10-2017 1134 21 69 448
10-10-2017 1139 21 69 453
10-10-2017 1144 21 69 450
10-10-2017 1149 21 69 450
10-10-2017 1154 23 69 451
10-10-2017 1159 21 69 452
10-10-2017 1164 21 69 453
10-10-2017 1169 22 69 451
10-10-2017 1174 21 69 448
10-10-2017 1179 21 69 452
10-10-2017 1184 21 69 448
10-10-2017 1189 21 69 448
10-10-2017 1194 21 69 453
10-10-2017 1199 21 70 450
10-10-2017 1204 21 70 450
10-10-2017 1209 21 70 451
10-10-2017 1214 23 69 455
10-10-2017 1219 21 70 453
10-10-2017 1224 23 70 449
10-10-2017 1229 23 70 456
10-10-2017 1234 23 70 454
10-10-2017 1239 23 70 453
10-10-2017 1244 23 70 452
10-10-2017 1249 23 70 452
10-10-2017 1254 22 72 448
10-10-2017 1259 23 70 451
10-10-2017 1264 23 70 452
10-10-2017 1269 22 72 448
10-10-2017 1274 21 71 446
10-10-2017 1279 22 72 448
10-10-2017 1284 22 72 452
10-10-2017 1289 22 72 448
10-10-2017 1294 22 72 452
10-10-2017 1299 23 71 448
10-10-2017 1304 23 71 448
10-10-2017 1309 23 71 451
10-10-2017 1314 23 71 450
10-10-2017 1319 23 72 454
10-10-2017 1324 22 73 450
10-10-2017 1329 22 73 452
10-10-2017 1334 23 72 452
10-10-2017 1339 23 72 453
10-10-2017 1344 22 73 449
10-10-2017 1349 23 71 450
10-10-2017 1354 22 72 450
10-10-2017 1359 23 70 451
10-10-2017 1364 23 70 450
10-10-2017 1369 23 70 454
10-10-2017 1374 23 70 454
10-10-2017 1379 23 70 452
10-10-2017 1384 21 70 451
10-10-2017 1389 23 70 450
10-10-2017 1394 21 70 453
10-10-2017 1399 23 69 452
10-10-2017 1404 23 70 449
10-10-2017 1409 23 70 449
10-10-2017 1414 23 70 975
10-10-2017 1419 23 70 968
10-10-2017 1424 23 70 1007
10-10-2017 1429 23 70 1006
10-10-2017 1434 22 72 1006
10-10-2017 1439 22 72 1006
11-10-2017 4 23 71 1006
11-10-2017 9 23 71 1006
11-10-2017 14 22 73 1006
11-10-2017 19 23 72 1006
11-10-2017 24 22 73 1006
11-10-2017 29 23 72 1006
11-10-2017 34 22 73 1006
11-10-2017 39 22 73 1006
11-10-2017 44 22 73 1006
11-10-2017 49 22 73 1006
11-10-2017 54 22 74 1006
11-10-2017 59 22 74 1006
11-10-2017 64 22 74 1006
11-10-2017 69 22 74 1006
11-10-2017 74 22 74 1006
11-10-2017 79 22 74 1006
11-10-2017 84 21 75 1006
11-10-2017 89 21 75 1006
11-10-2017 94 21 75 1006
11-10-2017 99 21 75 1005
11-10-2017 104 21 75 1005
11-10-2017 109 21 75 1006
11-10-2017 114 21 75 1006
11-10-2017 119 21 75 1006
11-10-2017 124 21 75 1006
11-10-2017 129 21 76 1006
11-10-2017 134 21 76 1006
11-10-2017 139 21 76 1006
11-10-2017 144 21 76 1006
11-10-2017 149 21 76 1005
11-10-2017 154 21 77 1006
11-10-2017 159 21 77 1006
11-10-2017 164 21 78 1006
11-10-2017 169 21 78 1005
11-10-2017 174 21 78 1005
11-10-2017 179 21 78 1005
11-10-2017 184 21 78 1005
11-10-2017 189 21 78 1005
11-10-2017 194 21 79 1005
11-10-2017 199 21 79 1005
11-10-2017 204 21 79 1005
11-10-2017 209 21 79 1005
11-10-2017 214 21 79 1005
11-10-2017 219 21 79 1005
11-10-2017 224 21 79 1005
11-10-2017 229 21 79 1005
11-10-2017 234 21 79 1005
11-10-2017 239 21 79 1006
11-10-2017 244 21 79 1005
11-10-2017 249 21 79 1005
11-10-2017 254 21 79 1005
11-10-2017 259 21 79 1006
11-10-2017 264 21 79 1005
11-10-2017 269 21 79 1005
11-10-2017 274 21 79 1005
11-10-2017 279 21 79 1005
11-10-2017 284 21 79 1005
11-10-2017 289 21 80 1005
11-10-2017 294 21 80 1005
11-10-2017 299 21 80 1005
11-10-2017 304 21 80 1005
11-10-2017 309 21 80 1005
11-10-2017 314 21 80 1005
11-10-2017 319 21 80 1005
11-10-2017 324 21 80 1005
11-10-2017 329 21 80 1005
11-10-2017 334 21 80 1005
11-10-2017 339 21 80 1005
11-10-2017 344 21 80 1004
11-10-2017 349 21 80 1003
11-10-2017 354 21 80 1001
11-10-2017 359 21 80 997
11-10-2017 364 21 80 992
11-10-2017 369 21 80 987
11-10-2017 374 21 80 981
11-10-2017 379 21 80 977
11-10-2017 384 21 80 971
11-10-2017 389 21 80 963
11-10-2017 394 21 82 958
11-10-2017 399 21 80 948
11-10-2017 404 21 80 934
11-10-2017 409 21 80 914
11-10-2017 414 21 80 892
11-10-2017 419 21 82 874
11-10-2017 424 21 82 859
11-10-2017 429 21 82 843
11-10-2017 434 21 82 829
11-10-2017 439 21 82 824
11-10-2017 444 21 82 819
11-10-2017 449 21 82 813
11-10-2017 454 21 82 811
11-10-2017 459 21 82 805
11-10-2017 464 21 82 803
11-10-2017 469 21 82 802
11-10-2017 474 21 82 802
11-10-2017 479 21 82 808
11-10-2017 484 21 82 809
11-10-2017 489 21 82 795
11-10-2017 494 21 82 786
11-10-2017 499 21 80 786
11-10-2017 504 21 80 791
11-10-2017 509 21 80 814
11-10-2017 514 21 80 796
11-10-2017 519 21 80 798
11-10-2017 524 21 80 746
11-10-2017 529 21 80 338
11-10-2017 534 21 80 351
11-10-2017 539 21 79 741
11-10-2017 544 23 78 750
11-10-2017 549 23 78 750
11-10-2017 554 21 76 756
11-10-2017 559 21 75 769
11-10-2017 564 21 75 795
11-10-2017 569 22 74 795
11-10-2017 574 22 74 755
11-10-2017 579 22 73 799
11-10-2017 584 22 73 811
11-10-2017 589 22 73 823
11-10-2017 594 22 73 838
11-10-2017 599 22 73 805
11-10-2017 604 22 73 791
11-10-2017 609 22 72 800
11-10-2017 614 22 72 716
11-10-2017 619 21 72 716
11-10-2017 624 22 72 697
11-10-2017 629 22 72 691
11-10-2017 634 22 72 690
11-10-2017 639 21 71 686
11-10-2017 644 22 71 728
11-10-2017 649 22 71 795
11-10-2017 654 22 71 808
11-10-2017 659 22 71 780
11-10-2017 664 22 71 773
11-10-2017 669 21 71 774
11-10-2017 674 21 71 804
11-10-2017 679 22 71 824
11-10-2017 684 21 70 777
11-10-2017 689 21 70 771
11-10-2017 694 21 70 800
11-10-2017 699 21 70 805
11-10-2017 704 21 70 791
11-10-2017 709 21 70 790
11-10-2017 714 21 70 771
11-10-2017 719 21 70 754
11-10-2017 724 21 69 704
11-10-2017 729 21 69 707
11-10-2017 734 21 69 721
11-10-2017 739 22 69 715
11-10-2017 744 21 69 792
11-10-2017 749 21 69 825
11-10-2017 754 21 69 794
11-10-2017 759 21 69 835
11-10-2017 764 21 69 833
11-10-2017 769 21 69 844
11-10-2017 774 21 69 838
11-10-2017 779 21 69 827
11-10-2017 784 21 68 831
11-10-2017 789 21 68 798
11-10-2017 794 21 68 832
11-10-2017 799 21 68 897
11-10-2017 804 22 68 880
11-10-2017 809 22 68 905
11-10-2017 814 22 68 878
11-10-2017 819 22 68 885
11-10-2017 824 22 68 878
11-10-2017 829 22 68 869
11-10-2017 834 22 68 873
11-10-2017 839 22 68 862
11-10-2017 844 22 68 879
11-10-2017 849 22 68 884
11-10-2017 854 21 68 898
11-10-2017 859 21 68 929
11-10-2017 864 21 68 939
11-10-2017 869 21 68 918
11-10-2017 874 21 68 893
11-10-2017 879 21 68 890
11-10-2017 884 21 68 903
11-10-2017 889 21 68 928
11-10-2017 894 21 68 909
11-10-2017 899 21 68 918
11-10-2017 904 21 68 922
11-10-2017 909 21 68 919
11-10-2017 914 21 68 931
11-10-2017 918 21 68 952
11-10-2017 923 21 67 963
11-10-2017 928 21 67 969
11-10-2017 933 22 67 973
11-10-2017 938 22 67 967
11-10-2017 943 22 67 968
11-10-2017 948 22 67 967
11-10-2017 953 22 67 959
11-10-2017 958 22 67 950
11-10-2017 963 22 67 956
11-10-2017 968 22 67 971
11-10-2017 973 22 67 982
11-10-2017 978 22 67 988
11-10-2017 983 20 68 995
11-10-2017 988 22 67 998
11-10-2017 993 21 67 1001
11-10-2017 998 21 67 1003
11-10-2017 1003 21 67 1004
11-10-2017 1008 22 67 1004
11-10-2017 1013 22 67 1005
11-10-2017 1018 22 67 1005
11-10-2017 1023 22 67 1005
11-10-2017 1028 22 67 1005
11-10-2017 1033 21 67 1005
11-10-2017 1038 21 67 1005
11-10-2017 1043 21 67 1005
11-10-2017 1048 21 66 1005
11-10-2017 1053 21 66 1005
11-10-2017 1058 21 66 1005
11-10-2017 1063 21 66 1005
11-10-2017 1068 21 66 1005
11-10-2017 1073 21 66 1005
11-10-2017 1078 21 66 1005
11-10-2017 1083 21 66 1005
11-10-2017 1088 21 66 1005
11-10-2017 1093 21 66 1005
11-10-2017 1098 21 66 1005
11-10-2017 1103 22 66 975
11-10-2017 1108 20 67 1006
11-10-2017 1113 21 66 1005
11-10-2017 1118 21 66 1005
11-10-2017 1123 21 66 1005
11-10-2017 1128 21 66 1005
11-10-2017 1133 21 66 1005
11-10-2017 1138 21 66 1005
11-10-2017 1143 21 66 1005
11-10-2017 1148 21 66 1005
11-10-2017 1153 21 66 1005
11-10-2017 1158 21 66 1005
11-10-2017 1163 22 66 1005
11-10-2017 1168 21 66 1005
11-10-2017 1173 21 66 1005
11-10-2017 1178 21 66 1005
11-10-2017 1183 21 66 1005
11-10-2017 1188 21 66 1005
11-10-2017 1193 20 67 1005
11-10-2017 1198 20 66 1005
11-10-2017 1203 21 66 1005
11-10-2017 1208 21 65 1005
11-10-2017 1213 20 66 1005
11-10-2017 1218 21 65 1005
11-10-2017 1223 21 65 1005
11-10-2017 1228 20 66 1005
11-10-2017 1233 21 65 1005
11-10-2017 1238 20 66 1005
11-10-2017 1243 21 65 1005
11-10-2017 1248 20 66 1005
11-10-2017 1253 20 66 1005
11-10-2017 1258 20 66 1005
11-10-2017 1263 20 66 1005
11-10-2017 1268 21 65 1005
11-10-2017 1273 21 65 1005
11-10-2017 1278 21 65 1005
11-10-2017 1283 20 66 1005
11-10-2017 1288 20 66 1005
11-10-2017 1293 20 66 1005
11-10-2017 1298 20 66 1005
11-10-2017 1303 20 66 1005
11-10-2017 1308 20 66 1005
11-10-2017 1313 20 66 1005
11-10-2017 1318 21 65 1005
11-10-2017 1323 20 66 1005
11-10-2017 1328 20 66 1005
11-10-2017 1333 20 66 1005
11-10-2017 1338 21 65 1005
11-10-2017 1343 20 66 1005
11-10-2017 1348 20 66 1005
11-10-2017 1353 20 66 1005
11-10-2017 1358 20 66 1005
11-10-2017 1363 20 66 1005
11-10-2017 1368 20 66 1005
11-10-2017 1373 20 66 1005
11-10-2017 1378 20 66 1005
11-10-2017 1383 20 66 1005
11-10-2017 1388 20 66 1005
11-10-2017 1393 20 66 1005
11-10-2017 1398 20 66 1005
11-10-2017 1403 20 66 1005
11-10-2017 1408 20 66 1005
11-10-2017 1413 21 65 1005
11-10-2017 1418 20 66 1005
11-10-2017 1423 20 66 971
11-10-2017 1428 20 66 369
11-10-2017 1433 20 66 362
11-10-2017 1438 21 65 361
12-10-2017 3 21 65 357
12-10-2017 8 21 65 355
12-10-2017 13 21 65 356
12-10-2017 18 21 65 358
12-10-2017 23 21 65 355
12-10-2017 28 21 65 359
12-10-2017 33 22 67 351
12-10-2017 38 20 67 342
12-10-2017 43 22 67 350
12-10-2017 48 23 67 999
12-10-2017 53 23 66 996
12-10-2017 58 23 66 991
12-10-2017 63 23 67 983
12-10-2017 68 23 67 980
12-10-2017 73 23 67 989
12-10-2017 78 23 67 991
12-10-2017 83 25 68 986
12-10-2017 88 23 67 986
12-10-2017 93 23 67 988
12-10-2017 98 23 67 988
12-10-2017 103 23 67 988
12-10-2017 108 23 67 988
12-10-2017 113 22 68 988
12-10-2017 118 22 68 988
12-10-2017 123 22 68 989
12-10-2017 128 20 70 988
12-10-2017 133 20 70 989
12-10-2017 138 20 70 989
12-10-2017 143 22 69 989
12-10-2017 148 20 70 989
12-10-2017 153 20 70 991
12-10-2017 158 20 70 991
12-10-2017 163 20 71 991
12-10-2017 168 20 71 990
12-10-2017 173 20 71 990
12-10-2017 178 20 71 990
12-10-2017 183 20 72 991
12-10-2017 188 20 72 991
12-10-2017 193 20 72 990
12-10-2017 198 20 72 990
12-10-2017 203 21 71 990
12-10-2017 208 22 71 990
12-10-2017 213 23 70 990
12-10-2017 218 23 70 990
12-10-2017 223 23 70 990
12-10-2017 228 23 70 990
12-10-2017 233 23 70 990
12-10-2017 238 23 70 990
12-10-2017 243 23 70 990
12-10-2017 248 22 72 990
12-10-2017 253 22 72 992
12-10-2017 258 22 72 992
12-10-2017 263 20 73 992
12-10-2017 268 22 72 993
12-10-2017 273 23 71 992
12-10-2017 278 23 71 992
12-10-2017 283 22 72 993
12-10-2017 288 23 71 992
12-10-2017 293 23 71 992
12-10-2017 298 23 71 992
12-10-2017 303 23 71 992
12-10-2017 308 23 71 992
12-10-2017 313 22 73 992
12-10-2017 318 22 73 992
12-10-2017 323 22 73 992
12-10-2017 328 22 73 993
12-10-2017 333 22 73 992
12-10-2017 338 22 73 992
12-10-2017 343 22 73 992
12-10-2017 348 22 73 992
12-10-2017 353 22 73 992
12-10-2017 358 20 74 989
12-10-2017 363 22 73 987
12-10-2017 368 22 73 982
12-10-2017 373 22 73 977
12-10-2017 378 22 73 972
12-10-2017 383 22 73 973
12-10-2017 388 22 73 974
12-10-2017 393 22 73 974
12-10-2017 398 22 73 971
12-10-2017 403 22 73 968
12-10-2017 408 22 73 959
12-10-2017 413 22 73 945
12-10-2017 418 22 73 925
12-10-2017 423 22 73 927
12-10-2017 428 22 73 906
12-10-2017 433 22 73 907
12-10-2017 438 22 73 889
12-10-2017 443 22 74 891
12-10-2017 448 22 74 872
12-10-2017 453 22 74 859
12-10-2017 458 22 74 862
12-10-2017 463 22 74 860
12-10-2017 468 22 74 846
12-10-2017 473 22 74 840
12-10-2017 478 22 74 851
12-10-2017 483 22 74 851
12-10-2017 488 22 73 842
12-10-2017 493 22 73 857
12-10-2017 498 22 73 836
12-10-2017 503 22 73 841
12-10-2017 508 22 73 841
12-10-2017 513 22 73 821
12-10-2017 518 22 73 813
12-10-2017 523 22 73 732
12-10-2017 528 22 73 711
12-10-2017 533 22 73 721
12-10-2017 538 22 73 721
12-10-2017 543 22 73 715
12-10-2017 548 22 73 726
12-10-2017 553 22 73 702
12-10-2017 558 22 72 695
12-10-2017 563 22 71 732
12-10-2017 568 21 71 754
12-10-2017 573 21 71 727
12-10-2017 578 21 71 706
12-10-2017 583 21 70 725
12-10-2017 588 20 71 727
12-10-2017 593 20 71 702
12-10-2017 598 20 70 685
12-10-2017 603 20 70 706
12-10-2017 608 20 70 711
12-10-2017 613 21 69 730
12-10-2017 618 21 68 682
12-10-2017 623 22 68 724
12-10-2017 628 20 69 718
12-10-2017 633 22 68 746
12-10-2017 638 22 68 777
12-10-2017 643 22 68 785
12-10-2017 648 22 68 740
12-10-2017 653 22 68 737
12-10-2017 658 22 68 712
12-10-2017 663 22 68 764
12-10-2017 668 22 68 685
12-10-2017 673 22 68 654
12-10-2017 678 21 68 616
12-10-2017 683 22 68 605
12-10-2017 688 21 68 599
12-10-2017 693 20 68 621
12-10-2017 698 22 67 654
12-10-2017 703 22 67 665
12-10-2017 708 22 67 666
12-10-2017 713 22 67 656
12-10-2017 718 22 67 656
12-10-2017 723 22 67 643
12-10-2017 728 22 67 659
12-10-2017 733 22 67 633
12-10-2017 738 22 67 606
12-10-2017 743 20 67 698
12-10-2017 748 20 67 722
12-10-2017 753 22 66 752
12-10-2017 758 20 67 719
12-10-2017 763 20 67 644
12-10-2017 768 20 67 641
12-10-2017 773 20 67 622
12-10-2017 778 20 67 684
12-10-2017 783 20 67 682
12-10-2017 788 20 67 708
12-10-2017 793 20 67 706
12-10-2017 798 20 67 751
12-10-2017 803 20 67 716
12-10-2017 808 20 67 696
12-10-2017 813 22 66 682
12-10-2017 818 20 67 673
12-10-2017 823 20 67 679
12-10-2017 828 20 67 669
12-10-2017 833 20 67 633
12-10-2017 838 20 67 629
12-10-2017 843 20 67 660
12-10-2017 848 20 67 731
12-10-2017 853 20 66 707
12-10-2017 858 20 67 740
12-10-2017 863 20 67 778
12-10-2017 868 20 66 801
12-10-2017 873 22 65 824
12-10-2017 878 20 66 800
12-10-2017 883 20 66 792
12-10-2017 888 20 66 788
12-10-2017 893 20 66 835
12-10-2017 898 20 66 834
12-10-2017 903 20 66 813
12-10-2017 908 20 66 841
12-10-2017 913 20 66 885
12-10-2017 918 20 66 905
12-10-2017 923 20 65 916
12-10-2017 928 20 65 929
12-10-2017 933 20 65 936
12-10-2017 938 20 65 946
12-10-2017 943 20 65 960
12-10-2017 948 20 65 966
12-10-2017 953 20 65 968
12-10-2017 958 20 65 971
12-10-2017 963 20 65 981
12-10-2017 968 20 65 983
12-10-2017 973 20 65 986
12-10-2017 978 20 65 988
12-10-2017 983 20 65 992
12-10-2017 988 20 65 995
12-10-2017 993 20 65 997
12-10-2017 998 20 65 998
12-10-2017 1003 20 65 999
12-10-2017 1008 20 65 999
12-10-2017 1013 20 65 999
12-10-2017 1017 20 65 999
12-10-2017 1022 20 65 1000
12-10-2017 1027 20 65 1000
12-10-2017 1032 20 65 999
12-10-2017 1037 20 65 999
12-10-2017 1042 20 65 999
12-10-2017 1047 20 65 999
12-10-2017 1052 20 65 999
12-10-2017 1057 20 65 999
12-10-2017 1062 20 65 999
12-10-2017 1067 20 65 999
12-10-2017 1072 20 65 999
12-10-2017 1077 20 65 999
12-10-2017 1082 20 65 999
12-10-2017 1087 20 65 999
12-10-2017 1092 20 65 999
12-10-2017 1097 20 65 999
12-10-2017 1102 20 65 999
12-10-2017 1107 20 65 342
12-10-2017 1112 20 65 360
12-10-2017 1117 20 65 354
12-10-2017 1122 20 65 353
12-10-2017 1127 20 65 352
12-10-2017 1132 20 65 985
12-10-2017 1137 20 65 984
12-10-2017 1142 20 65 999
12-10-2017 1147 20 65 999
12-10-2017 1152 20 65 351
12-10-2017 1157 20 65 354
12-10-2017 1162 20 65 350
12-10-2017 1167 20 66 352
12-10-2017 1172 20 66 355
12-10-2017 1177 22 65 348
12-10-2017 1182 20 66 348
12-10-2017 1187 20 66 352
12-10-2017 1192 20 66 348
12-10-2017 1197 20 67 349
12-10-2017 1202 20 66 352
12-10-2017 1207 21 65 350
12-10-2017 1212 21 66 355
12-10-2017 1217 23 65 353
12-10-2017 1222 21 66 352
12-10-2017 1227 21 66 355
12-10-2017 1232 21 66 355
12-10-2017 1237 22 66 351
12-10-2017 1242 23 65 352
12-10-2017 1247 21 66 350
12-10-2017 1252 21 67 357
12-10-2017 1257 23 65 353
12-10-2017 1262 21 66 352
12-10-2017 1267 21 66 354
12-10-2017 1272 23 65 353
12-10-2017 1277 21 66 356
12-10-2017 1282 21 66 281
12-10-2017 1287 21 66 282
12-10-2017 1292 21 66 285
12-10-2017 1297 22 66 284
12-10-2017 1302 21 65 287
12-10-2017 1307 21 65 227
12-10-2017 1312 21 65 229
12-10-2017 1317 21 65 228
12-10-2017 1322 21 65 218
12-10-2017 1327 21 65 221
12-10-2017 1332 21 65 311
12-10-2017 1337 21 65 258
12-10-2017 1342 21 65 225
12-10-2017 1347 21 65 220
12-10-2017 1352 21 65 220
12-10-2017 1357 21 65 217
12-10-2017 1362 21 64 232
12-10-2017 1367 21 64 232
12-10-2017 1372 21 64 232
12-10-2017 1377 21 64 235
12-10-2017 1382 21 64 241
12-10-2017 1387 21 64 237
12-10-2017 1392 21 64 242
12-10-2017 1397 21 64 242
12-10-2017 1402 21 64 233
12-10-2017 1407 21 64 310
12-10-2017 1412 21 64 314
12-10-2017 1417 21 64 308
12-10-2017 1422 21 64 490
12-10-2017 1427 21 64 392
12-10-2017 1432 21 65 947
12-10-2017 1437 21 65 954
13-10-2017 2 21 65 956
13-10-2017 7 21 65 954
13-10-2017 12 21 65 947
13-10-2017 17 21 65 955
13-10-2017 22 21 66 946
13-10-2017 27 21 66 932
13-10-2017 32 21 66 929
13-10-2017 37 20 67 930
13-10-2017 42 22 66 936
13-10-2017 47 20 67 933
13-10-2017 52 20 67 938
13-10-2017 57 20 68 919
13-10-2017 62 22 67 940
13-10-2017 67 22 67 939
13-10-2017 72 21 67 940
13-10-2017 77 21 67 930
13-10-2017 82 21 68 939
13-10-2017 87 21 68 929
13-10-2017 92 21 67 926
13-10-2017 97 21 67 931
13-10-2017 102 25 68 940
13-10-2017 107 21 68 935
13-10-2017 112 21 68 917
13-10-2017 117 21 68 926
13-10-2017 122 21 68 944
13-10-2017 127 22 68 942
13-10-2017 132 22 68 936
13-10-2017 137 22 68 933
13-10-2017 142 22 68 938
13-10-2017 147 22 68 933
13-10-2017 152 21 68 937
13-10-2017 157 21 69 938
13-10-2017 162 20 70 926
13-10-2017 167 21 69 937
13-10-2017 172 20 70 942
13-10-2017 177 20 70 944
13-10-2017 182 20 70 945
13-10-2017 187 20 70 943
13-10-2017 192 20 70 936
13-10-2017 197 20 70 942
13-10-2017 202 20 70 936
13-10-2017 207 20 70 937
13-10-2017 212 20 70 938
13-10-2017 217 20 70 936
13-10-2017 222 20 70 935
13-10-2017 227 21 69 933
13-10-2017 232 20 70 935
13-10-2017 237 20 71 940
13-10-2017 242 20 71 936
13-10-2017 247 20 71 941
13-10-2017 252 20 71 923
13-10-2017 257 20 71 932
13-10-2017 262 20 71 942
13-10-2017 267 20 71 932
13-10-2017 272 20 71 931
13-10-2017 277 20 71 934
13-10-2017 282 20 71 933
13-10-2017 287 21 71 925
13-10-2017 292 20 72 937
13-10-2017 297 20 72 922
13-10-2017 302 20 71 934
13-10-2017 307 20 72 940
13-10-2017 312 20 72 933
13-10-2017 317 20 72 941
13-10-2017 322 20 72 931
13-10-2017 327 20 72 933
13-10-2017 332 20 72 925
13-10-2017 337 20 72 937
13-10-2017 342 20 72 943
13-10-2017 347 21 71 928
13-10-2017 352 20 72 930
13-10-2017 357 20 72 922
13-10-2017 362 20 72 906
13-10-2017 367 20 72 904
13-10-2017 372 20 72 885
13-10-2017 377 20 72 869
13-10-2017 382 20 72 847
13-10-2017 387 20 72 831
13-10-2017 392 20 72 816
13-10-2017 397 20 72 828
13-10-2017 402 20 72 817
13-10-2017 407 21 71 806
13-10-2017 412 20 72 804
13-10-2017 417 20 72 803
13-10-2017 422 20 72 779
13-10-2017 427 20 72 764
13-10-2017 432 20 72 768
13-10-2017 437 21 71 749
13-10-2017 442 21 71 757
13-10-2017 447 21 71 751
13-10-2017 452 21 71 737
13-10-2017 457 21 71 734
13-10-2017 462 21 71 727
13-10-2017 467 21 71 706
13-10-2017 472 21 71 703
13-10-2017 477 21 71 678
13-10-2017 482 22 72 655
13-10-2017 487 21 71 672
13-10-2017 492 21 71 678
13-10-2017 497 21 71 692
13-10-2017 502 20 72 699
13-10-2017 507 21 71 712
13-10-2017 512 21 71 716
13-10-2017 517 21 71 687
13-10-2017 522 21 71 737
13-10-2017 527 20 71 729
13-10-2017 532 21 69 687
13-10-2017 537 21 68 651
13-10-2017 542 22 68 690
13-10-2017 547 21 68 733
13-10-2017 552 21 68 742
13-10-2017 557 22 68 713
13-10-2017 562 21 68 718
13-10-2017 567 21 68 708
13-10-2017 572 21 68 689
13-10-2017 577 21 68 678
13-10-2017 582 21 68 726
13-10-2017 587 21 68 750
13-10-2017 592 20 69 703
13-10-2017 597 21 68 715
13-10-2017 602 21 68 715
13-10-2017 607 21 68 748
13-10-2017 612 21 68 756
13-10-2017 617 21 68 745
13-10-2017 622 21 68 775
13-10-2017 627 21 68 774
13-10-2017 632 21 68 805
13-10-2017 637 21 68 792
13-10-2017 642 21 68 778
13-10-2017 647 21 68 768
13-10-2017 652 20 69 795
13-10-2017 657 21 68 797
13-10-2017 662 21 68 804
13-10-2017 667 21 68 787
13-10-2017 672 20 69 774
13-10-2017 677 20 69 757
13-10-2017 682 20 69 711
13-10-2017 687 20 69 729
13-10-2017 692 20 69 723
13-10-2017 697 20 69 725
13-10-2017 702 20 69 740
13-10-2017 707 20 69 762
13-10-2017 712 21 69 774
13-10-2017 717 20 69 727
13-10-2017 722 20 69 737
13-10-2017 727 20 69 743
13-10-2017 732 20 69 784
13-10-2017 737 21 68 761
13-10-2017 742 21 68 748
13-10-2017 747 21 68 730
13-10-2017 752 21 68 717
13-10-2017 757 21 68 703
13-10-2017 762 21 68 701
13-10-2017 767 21 68 707
13-10-2017 772 19 69 726
13-10-2017 777 21 68 708
13-10-2017 782 21 68 709
13-10-2017 787 21 68 714
13-10-2017 792 21 68 730
13-10-2017 797 21 68 714
13-10-2017 802 21 68 713
13-10-2017 807 21 68 746
13-10-2017 812 21 68 773
13-10-2017 817 21 68 769
13-10-2017 822 21 68 795
13-10-2017 827 20 68 805
13-10-2017 832 21 68 800
13-10-2017 837 20 68 787
13-10-2017 842 20 68 817
13-10-2017 847 20 68 834
13-10-2017 852 20 68 851
13-10-2017 857 20 68 853
13-10-2017 862 20 68 859
13-10-2017 867 20 68 867
13-10-2017 872 20 68 880
13-10-2017 877 20 68 875
13-10-2017 882 20 68 856
13-10-2017 887 21 68 849
13-10-2017 892 20 68 864
13-10-2017 897 20 68 879
13-10-2017 902 20 68 888
13-10-2017 907 20 68 882
13-10-2017 912 20 68 872
13-10-2017 917 20 68 856
13-10-2017 922 20 68 876
13-10-2017 927 20 68 878
13-10-2017 932 20 68 897
13-10-2017 937 20 68 895
13-10-2017 942 20 68 906
13-10-2017 947 20 68 912
13-10-2017 952 20 68 922
13-10-2017 957 20 68 914
13-10-2017 962 20 68 911
13-10-2017 967 20 68 923
13-10-2017 972 20 68 916
13-10-2017 977 20 68 921
13-10-2017 982 20 68 911
13-10-2017 987 20 68 926
13-10-2017 992 20 68 928
13-10-2017 997 20 68 915
13-10-2017 1002 20 68 926
13-10-2017 1007 20 68 934
13-10-2017 1012 20 68 929
13-10-2017 1017 20 68 919
13-10-2017 1022 20 68 920
13-10-2017 1027 20 68 922
13-10-2017 1032 20 68 929
13-10-2017 1037 20 68 911
13-10-2017 1042 19 68 933
13-10-2017 1047 20 68 928
13-10-2017 1052 20 68 918
13-10-2017 1057 20 68 931
13-10-2017 1062 20 68 932
13-10-2017 1067 20 68 918
13-10-2017 1072 20 68 922
13-10-2017 1076 21 67 933
13-10-2017 1081 20 68 924
13-10-2017 1086 19 68 925
13-10-2017 1091 20 68 912
13-10-2017 1096 19 68 909
13-10-2017 1101 19 68 929
13-10-2017 1106 19 68 920
13-10-2017 1111 21 67 918
13-10-2017 1116 19 68 290
13-10-2017 1121 19 68 301
13-10-2017 1126 19 68 295
13-10-2017 1131 19 68 294
13-10-2017 1136 21 67 300
13-10-2017 1141 20 68 286
13-10-2017 1146 19 68 295
13-10-2017 1151 20 68 292
13-10-2017 1156 21 67 295
13-10-2017 1161 21 67 302
13-10-2017 1166 21 67 290
13-10-2017 1171 21 67 296
13-10-2017 1176 21 67 292
13-10-2017 1181 21 67 297
13-10-2017 1186 20 67 289
13-10-2017 1191 21 66 299
13-10-2017 1196 23 65 293
13-10-2017 1201 21 66 298
13-10-2017 1206 23 65 284
13-10-2017 1211 23 65 284
13-10-2017 1216 24 65 287
13-10-2017 1221 23 65 286
13-10-2017 1226 22 65 287
13-10-2017 1231 21 65 284
13-10-2017 1236 22 65 287
13-10-2017 1241 22 65 278
13-10-2017 1246 22 65 285
13-10-2017 1251 22 65 286
13-10-2017 1256 22 65 286
13-10-2017 1261 25 63 281
13-10-2017 1266 23 64 281
13-10-2017 1271 23 64 284
13-10-2017 1276 23 64 285
13-10-2017 1281 23 64 284
13-10-2017 1286 24 63 298
13-10-2017 1291 27 63 283
13-10-2017 1296 22 65 277
13-10-2017 1301 23 63 273
13-10-2017 1306 27 63 282
13-10-2017 1311 23 64 281
13-10-2017 1316 26 64 298
13-10-2017 1321 25 63 305
13-10-2017 1326 24 65 301
13-10-2017 1331 24 65 293
13-10-2017 1336 26 64 296
13-10-2017 1341 23 64 298
13-10-2017 1346 25 64 300
13-10-2017 1351 23 64 293
13-10-2017 1356 23 64 297
13-10-2017 1361 23 64 297
13-10-2017 1366 23 64 300
13-10-2017 1371 23 64 294
13-10-2017 1376 26 64 294
13-10-2017 1381 25 63 294
13-10-2017 1386 26 64 301
13-10-2017 1391 26 64 228
13-10-2017 1396 26 64 226
13-10-2017 1401 26 64 295
13-10-2017 1406 26 64 295
13-10-2017 1411 24 65 286
13-10-2017 1416 24 65 816
13-10-2017 1421 25 64 891
13-10-2017 1426 23 67 725
13-10-2017 1431 24 68 910
13-10-2017 1436 23 67 911
14-10-2017 1 24 67 890
14-10-2017 6 22 68 910
14-10-2017 11 23 68 891
14-10-2017 16 23 68 901
14-10-2017 21 25 68 903
14-10-2017 26 25 68 891
14-10-2017 31 25 68 900
14-10-2017 36 24 70 906
14-10-2017 41 24 70 906
14-10-2017 46 25 69 901
14-10-2017 51 25 69 902
14-10-2017 56 25 69 912
14-10-2017 61 25 69 895
14-10-2017 66 25 69 908
14-10-2017 71 24 70 909
14-10-2017 76 25 69 888
14-10-2017 81 25 69 908
14-10-2017 86 25 69 906
14-10-2017 91 25 69 909
14-10-2017 96 24 70 902
14-10-2017 101 24 70 904
14-10-2017 106 24 70 887
14-10-2017 111 24 70 888
14-10-2017 116 24 70 899
14-10-2017 121 24 70 898
14-10-2017 126 24 70 899
14-10-2017 131 24 70 899
14-10-2017 136 24 70 898
14-10-2017 141 24 70 888
14-10-2017 146 24 70 903
14-10-2017 151 24 70 902
14-10-2017 156 24 70 892
14-10-2017 161 24 70 899
14-10-2017 166 24 70 903
14-10-2017 171 24 70 909
14-10-2017 176 24 70 896
14-10-2017 181 24 70 898
14-10-2017 186 24 70 898
14-10-2017 191 24 70 899
14-10-2017 196 24 70 895
14-10-2017 201 24 70 909
14-10-2017 206 25 69 908
14-10-2017 211 25 69 894
14-10-2017 216 24 70 897
14-10-2017 221 25 69 905
14-10-2017 226 25 69 894
14-10-2017 231 24 70 894
14-10-2017 236 25 69 894
14-10-2017 241 25 69 881
14-10-2017 246 24 70 887
14-10-2017 251 25 69 900
14-10-2017 256 24 71 887
14-10-2017 261 24 71 890
14-10-2017 266 24 71 902
14-10-2017 271 24 71 891
14-10-2017 276 24 71 892
14-10-2017 281 24 71 894
14-10-2017 286 24 71 904
14-10-2017 291 24 71 898
14-10-2017 296 24 71 910
14-10-2017 301 24 70 900
14-10-2017 306 24 70 909
14-10-2017 311 24 71 886
14-10-2017 316 24 70 905
14-10-2017 321 24 70 888
14-10-2017 326 24 70 900
14-10-2017 331 24 70 891
14-10-2017 336 24 70 908
14-10-2017 341 24 70 908
14-10-2017 346 24 70 906
14-10-2017 351 24 70 891
14-10-2017 356 24 70 902
14-10-2017 361 24 70 901
14-10-2017 366 24 70 898
14-10-2017 371 24 70 897
14-10-2017 376 24 70 890
14-10-2017 381 24 70 874
14-10-2017 386 24 70 872
14-10-2017 391 24 70 855
14-10-2017 396 24 70 853
14-10-2017 401 24 70 845
14-10-2017 406 24 70 838
14-10-2017 411 24 70 838
14-10-2017 416 24 70 813
14-10-2017 421 24 70 825
14-10-2017 426 24 70 791
14-10-2017 431 24 70 737
14-10-2017 436 24 70 717
14-10-2017 441 24 70 691
14-10-2017 446 24 70 680
14-10-2017 451 24 70 687
14-10-2017 456 24 70 690
14-10-2017 461 23 70 686
14-10-2017 466 23 70 666
14-10-2017 471 23 70 674
14-10-2017 476 24 71 674
14-10-2017 481 24 71 665
14-10-2017 486 23 71 640
14-10-2017 491 22 72 614
14-10-2017 496 23 71 647
14-10-2017 501 23 71 664
14-10-2017 506 23 71 667
14-10-2017 511 23 70 702
14-10-2017 516 23 70 529
14-10-2017 521 23 70 527
14-10-2017 526 23 70 495
14-10-2017 531 23 70 478
14-10-2017 536 21 70 481
14-10-2017 541 21 69 457
14-10-2017 546 22 68 474
14-10-2017 551 21 68 453
14-10-2017 556 23 67 518
14-10-2017 561 23 67 499
14-10-2017 566 21 67 457
14-10-2017 571 23 67 440
14-10-2017 576 23 67 409
14-10-2017 581 22 67 416
14-10-2017 586 22 67 411
14-10-2017 591 22 67 427
14-10-2017 596 20 67 435
14-10-2017 601 20 67 427
14-10-2017 606 20 67 426
14-10-2017 611 22 66 451
14-10-2017 616 20 67 442
14-10-2017 621 20 67 412
14-10-2017 626 20 67 409
14-10-2017 631 20 67 432
14-10-2017 636 20 66 409
14-10-2017 641 20 67 383
14-10-2017 646 20 66 386
14-10-2017 651 20 66 356
14-10-2017 656 20 66 365
14-10-2017 661 20 66 361
14-10-2017 666 20 66 363
14-10-2017 671 20 66 366
14-10-2017 676 20 66 403
14-10-2017 681 20 65 441
14-10-2017 686 20 65 415
14-10-2017 691 20 65 392
14-10-2017 696 20 65 396
14-10-2017 701 20 65 401
14-10-2017 706 20 65 425
14-10-2017 711 20 65 394
14-10-2017 716 20 65 331
14-10-2017 721 20 65 340
14-10-2017 726 20 65 366
14-10-2017 731 20 65 363
14-10-2017 736 20 65 362
14-10-2017 741 20 65 329
14-10-2017 746 20 65 290
14-10-2017 751 20 65 345
14-10-2017 756 20 65 291
14-10-2017 761 20 65 366
14-10-2017 766 20 65 291
14-10-2017 771 20 65 351
14-10-2017 776 20 64 339
14-10-2017 781 20 65 322
14-10-2017 786 20 65 322
14-10-2017 791 20 64 338
14-10-2017 796 20 64 344
14-10-2017 801 20 64 313
14-10-2017 806 20 64 412
14-10-2017 811 20 64 316
14-10-2017 816 20 64 414
14-10-2017 821 20 64 418
14-10-2017 826 20 64 415
14-10-2017 831 20 63 389
14-10-2017 836 20 63 324
14-10-2017 841 20 63 304
14-10-2017 846 20 63 283
14-10-2017 851 20 63 368
14-10-2017 856 20 64 512
14-10-2017 861 20 63 600
14-10-2017 866 20 63 540
14-10-2017 871 20 63 603
14-10-2017 876 20 63 448
14-10-2017 881 20 63 389
14-10-2017 886 20 63 363
14-10-2017 891 20 63 304
14-10-2017 896 20 63 380
14-10-2017 901 20 63 429
14-10-2017 906 20 63 491
14-10-2017 911 20 63 448
14-10-2017 916 20 64 543
14-10-2017 921 20 63 566
14-10-2017 926 20 63 499
14-10-2017 931 20 63 464
14-10-2017 936 20 63 450
14-10-2017 941 20 63 245
14-10-2017 946 20 63 420
14-10-2017 951 20 63 279
14-10-2017 956 20 63 305
14-10-2017 961 20 63 411
14-10-2017 966 20 63 632
14-10-2017 971 20 63 739
14-10-2017 976 20 64 759
14-10-2017 981 20 63 778
14-10-2017 986 20 63 826
14-10-2017 991 20 63 832
14-10-2017 996 20 63 862
14-10-2017 1001 20 63 866
14-10-2017 1006 20 63 286
14-10-2017 1011 20 63 897
14-10-2017 1016 20 63 347
14-10-2017 1021 20 63 296
14-10-2017 1026 20 63 291
14-10-2017 1031 20 63 287
14-10-2017 1036 20 63 296
14-10-2017 1041 20 64 296
14-10-2017 1046 20 64 294
14-10-2017 1051 20 64 295
14-10-2017 1056 20 64 290
14-10-2017 1061 20 64 298
14-10-2017 1066 20 64 287
14-10-2017 1071 20 64 289
14-10-2017 1076 20 63 297
14-10-2017 1081 20 64 290
14-10-2017 1086 20 64 290
14-10-2017 1091 20 64 295
14-10-2017 1096 21 63 290
14-10-2017 1101 21 63 298
14-10-2017 1106 21 63 295
14-10-2017 1111 21 63 297
14-10-2017 1116 21 63 294
14-10-2017 1121 21 63 292
14-10-2017 1126 21 63 295
14-10-2017 1131 21 63 295
14-10-2017 1136 21 63 292
14-10-2017 1141 22 62 297
14-10-2017 1146 22 62 290
14-10-2017 1151 22 62 288
14-10-2017 1156 22 62 296
14-10-2017 1161 22 63 296
14-10-2017 1166 22 62 294
14-10-2017 1171 22 62 293
14-10-2017 1175 22 63 295
14-10-2017 1180 22 63 293
14-10-2017 1185 23 62 297
14-10-2017 1190 23 62 300
14-10-2017 1195 23 62 296
14-10-2017 1200 23 62 294
14-10-2017 1205 23 63 297
14-10-2017 1210 23 63 293
14-10-2017 1215 23 64 292
14-10-2017 1220 23 64 300
14-10-2017 1225 23 64 290
14-10-2017 1230 23 64 293
14-10-2017 1235 24 65 294
14-10-2017 1240 24 65 298
14-10-2017 1245 24 65 294
14-10-2017 1250 24 66 293
14-10-2017 1255 23 67 294
14-10-2017 1260 23 67 298
14-10-2017 1265 23 67 297
14-10-2017 1270 23 67 289
14-10-2017 1275 23 67 300
14-10-2017 1280 24 68 301
14-10-2017 1285 23 68 292
14-10-2017 1290 23 68 291
14-10-2017 1295 24 69 299
14-10-2017 1300 24 69 293
14-10-2017 1305 24 69 299
14-10-2017 1310 24 69 294
14-10-2017 1315 23 68 299
14-10-2017 1320 23 68 295
14-10-2017 1325 23 68 301
14-10-2017 1330 23 68 296
14-10-2017 1335 23 68 289
14-10-2017 1340 23 68 292
14-10-2017 1345 24 68 290
14-10-2017 1350 23 68 293
14-10-2017 1355 23 68 294
14-10-2017 1360 23 68 302
14-10-2017 1365 23 67 295
14-10-2017 1370 23 67 292
14-10-2017 1375 23 67 290
14-10-2017 1380 23 67 291
14-10-2017 1385 23 67 288
14-10-2017 1390 23 68 294
14-10-2017 1395 23 68 291
14-10-2017 1400 23 68 296
14-10-2017 1405 24 68 292
14-10-2017 1410 23 68 295
14-10-2017 1415 23 67 872
14-10-2017 1420 23 67 857
14-10-2017 1425 23 67 892
14-10-2017 1430 23 68 904
14-10-2017 1435 23 68 913
15-10-2017 0 23 68 915
15-10-2017 5 23 68 914
15-10-2017 10 23 68 903
15-10-2017 15 23 68 909
15-10-2017 20 22 69 914
15-10-2017 25 24 68 912
15-10-2017 30 22 69 907
15-10-2017 35 22 69 905
15-10-2017 40 22 69 913
15-10-2017 45 22 69 908
15-10-2017 50 22 70 904
15-10-2017 55 22 69 901
15-10-2017 60 22 70 907
15-10-2017 65 22 70 911
15-10-2017 70 22 70 910
15-10-2017 75 22 70 891
15-10-2017 80 22 70 888
15-10-2017 85 23 69 893
15-10-2017 90 22 70 891
15-10-2017 95 22 70 894
15-10-2017 100 22 70 910
15-10-2017 105 22 70 895
15-10-2017 110 22 70 891
15-10-2017 115 23 69 897
15-10-2017 120 23 69 893
15-10-2017 125 23 69 912
15-10-2017 130 23 69 902
15-10-2017 135 23 69 890
15-10-2017 140 23 69 889
15-10-2017 145 22 71 908
15-10-2017 150 24 70 904
15-10-2017 155 23 70 896
15-10-2017 160 23 70 913
15-10-2017 165 23 70 892
15-10-2017 170 23 70 893
15-10-2017 175 23 70 900
15-10-2017 180 23 70 900
15-10-2017 185 23 70 912
15-10-2017 190 24 70 911
15-10-2017 195 23 70 909
15-10-2017 200 23 70 901
15-10-2017 205 23 70 900
15-10-2017 210 22 71 902
15-10-2017 215 23 70 894
15-10-2017 220 23 70 905
15-10-2017 225 23 70 914
15-10-2017 230 23 70 905
15-10-2017 235 23 70 891
15-10-2017 240 23 70 902
15-10-2017 245 22 71 901
15-10-2017 250 23 70 914
15-10-2017 255 22 71 901
15-10-2017 260 23 70 888
15-10-2017 265 23 70 908
15-10-2017 270 24 70 899
15-10-2017 275 23 70 900
15-10-2017 280 23 70 904
15-10-2017 285 23 69 902
15-10-2017 290 23 70 903
15-10-2017 295 23 70 896
15-10-2017 300 23 70 902
15-10-2017 305 23 70 910
15-10-2017 310 23 70 897
15-10-2017 315 23 70 907
15-10-2017 320 23 70 898
15-10-2017 325 23 70 894
15-10-2017 330 22 71 912
15-10-2017 335 23 70 915
15-10-2017 340 23 70 909
15-10-2017 345 23 69 904
15-10-2017 350 23 70 906
15-10-2017 355 24 70 900
15-10-2017 360 23 70 893
15-10-2017 365 24 70 910
15-10-2017 370 24 70 893
15-10-2017 375 23 69 888
15-10-2017 380 24 70 879
15-10-2017 385 24 70 867
15-10-2017 390 22 71 866
15-10-2017 395 23 70 841
15-10-2017 400 24 70 832
15-10-2017 405 23 70 823
15-10-2017 410 24 70 792
15-10-2017 415 23 70 781
15-10-2017 420 24 70 740
15-10-2017 425 24 70 729
15-10-2017 430 24 70 724
15-10-2017 435 23 70 705
15-10-2017 440 24 70 711
15-10-2017 445 24 70 710
15-10-2017 450 22 71 692
15-10-2017 455 23 70 699
15-10-2017 460 24 70 679
15-10-2017 465 24 70 670
15-10-2017 470 24 70 667
15-10-2017 475 24 70 639
15-10-2017 480 22 71 636
15-10-2017 485 24 70 621
15-10-2017 490 24 70 625
15-10-2017 495 24 70 620
15-10-2017 500 23 70 584
15-10-2017 505 24 70 589
15-10-2017 510 24 70 614
15-10-2017 515 22 70 624
15-10-2017 520 23 70 611
15-10-2017 525 23 70 608
15-10-2017 530 23 70 611
15-10-2017 535 23 70 591
15-10-2017 540 23 70 597
15-10-2017 545 21 70 596
15-10-2017 550 21 70 587
15-10-2017 555 22 68 566
15-10-2017 560 23 67 551
15-10-2017 565 22 67 561
15-10-2017 570 21 66 598
15-10-2017 575 22 66 605
15-10-2017 580 21 66 578
15-10-2017 585 21 66 546
15-10-2017 590 21 66 535
15-10-2017 595 21 66 575
15-10-2017 600 21 66 571
15-10-2017 605 21 66 576
15-10-2017 610 21 66 574
15-10-2017 615 21 65 579
15-10-2017 620 21 65 586
15-10-2017 625 20 66 577
15-10-2017 630 20 66 560
15-10-2017 635 22 65 562
15-10-2017 640 20 66 571
15-10-2017 645 20 66 562
15-10-2017 650 20 66 574
15-10-2017 655 20 66 560
15-10-2017 660 20 66 559
15-10-2017 665 20 66 552
15-10-2017 670 20 65 551
15-10-2017 675 20 65 550
15-10-2017 680 20 65 559
15-10-2017 685 20 65 564
15-10-2017 690 20 65 549
15-10-2017 695 20 65 545
15-10-2017 700 20 65 555
15-10-2017 705 20 65 544
15-10-2017 710 20 65 544
15-10-2017 715 20 65 544
15-10-2017 720 20 65 542
15-10-2017 725 20 65 526
15-10-2017 730 20 65 484
15-10-2017 735 20 65 491
15-10-2017 740 20 65 493
15-10-2017 745 20 65 481
15-10-2017 750 20 65 527
15-10-2017 755 20 65 519
15-10-2017 760 20 65 612
15-10-2017 765 20 65 691
15-10-2017 770 20 65 731
15-10-2017 775 20 65 752
15-10-2017 780 20 65 700
15-10-2017 785 20 64 659
15-10-2017 790 20 64 639
15-10-2017 795 20 64 644
15-10-2017 800 20 64 659
15-10-2017 805 20 64 695
15-10-2017 810 20 64 701
15-10-2017 815 20 64 682
15-10-2017 820 20 64 696
15-10-2017 825 20 64 697
15-10-2017 830 20 64 691
15-10-2017 835 20 63 687
15-10-2017 840 20 63 709
15-10-2017 845 20 63 694
15-10-2017 850 20 63 675
15-10-2017 855 20 63 680
15-10-2017 860 20 63 663
15-10-2017 865 20 63 703
15-10-2017 870 20 63 761
15-10-2017 875 20 63 771
15-10-2017 880 20 63 772
15-10-2017 885 20 63 730
15-10-2017 890 20 63 743
15-10-2017 895 20 63 757
15-10-2017 900 20 63 780
15-10-2017 905 20 63 776
15-10-2017 910 20 63 771
15-10-2017 915 20 63 779
15-10-2017 920 20 63 785
15-10-2017 925 20 63 804
15-10-2017 930 20 63 802
15-10-2017 935 20 63 810
15-10-2017 940 20 62 817
15-10-2017 945 20 63 811
15-10-2017 950 20 63 787
15-10-2017 955 20 63 808
15-10-2017 960 20 63 822
15-10-2017 965 20 63 850
15-10-2017 970 20 63 866
15-10-2017 975 20 63 885
15-10-2017 980 20 63 891
15-10-2017 985 20 63 889
15-10-2017 990 20 63 900
15-10-2017 995 20 63 891
15-10-2017 1000 20 62 908
15-10-2017 1005 20 63 902
15-10-2017 1010 20 63 905
15-10-2017 1015 20 63 913
15-10-2017 1020 20 63 915
15-10-2017 1025 20 63 908
15-10-2017 1030 20 63 914
15-10-2017 1035 20 63 901
15-10-2017 1040 20 63 897
15-10-2017 1045 20 63 915
15-10-2017 1050 20 60 902
15-10-2017 1055 20 63 916
15-10-2017 1060 20 62 913
15-10-2017 1065 20 60 864
15-10-2017 1070 20 63 614
15-10-2017 1075 20 63 626
15-10-2017 1080 20 60 630
15-10-2017 1085 20 60 263
15-10-2017 1090 20 63 283
15-10-2017 1095 20 63 274
15-10-2017 1100 20 63 275
15-10-2017 1105 20 63 272
15-10-2017 1110 20 63 276
15-10-2017 1115 20 63 277
15-10-2017 1120 20 62 266
15-10-2017 1125 20 63 646
15-10-2017 1130 20 63 639
15-10-2017 1135 20 63 635
15-10-2017 1140 20 63 642
15-10-2017 1145 20 63 620
15-10-2017 1150 21 62 629
15-10-2017 1155 21 62 619
15-10-2017 1160 21 62 630
15-10-2017 1165 21 62 616
15-10-2017 1170 21 62 624
15-10-2017 1175 22 62 618
15-10-2017 1180 22 62 620
15-10-2017 1185 22 63 613
15-10-2017 1190 22 62 617
15-10-2017 1195 22 63 609
15-10-2017 1200 22 63 603
15-10-2017 1205 22 63 612
15-10-2017 1210 22 63 609
15-10-2017 1215 22 63 617
15-10-2017 1220 23 62 604
15-10-2017 1225 23 62 621
15-10-2017 1230 23 62 621
15-10-2017 1235 23 62 623
15-10-2017 1240 23 62 618
15-10-2017 1245 23 62 621
15-10-2017 1250 23 62 624
15-10-2017 1255 23 62 635
15-10-2017 1260 23 62 630
15-10-2017 1265 23 62 631
15-10-2017 1270 23 63 621
15-10-2017 1274 23 63 613
15-10-2017 1279 23 63 635
15-10-2017 1284 23 63 636
15-10-2017 1289 23 63 630
15-10-2017 1294 23 63 625
15-10-2017 1299 23 63 622
15-10-2017 1304 23 63 631
15-10-2017 1309 23 63 622
15-10-2017 1314 23 63 616
15-10-2017 1319 23 64 621
15-10-2017 1324 24 65 631
15-10-2017 1329 24 65 622
15-10-2017 1334 24 66 627
15-10-2017 1339 23 67 625
15-10-2017 1344 23 67 611
15-10-2017 1349 22 68 621
15-10-2017 1354 23 68 632
15-10-2017 1359 24 69 630
15-10-2017 1364 23 69 623
15-10-2017 1369 24 70 630
15-10-2017 1374 25 69 613
15-10-2017 1379 24 70 631
15-10-2017 1384 24 71 624
15-10-2017 1389 24 71 613
15-10-2017 1394 24 71 708
15-10-2017 1399 23 72 624
15-10-2017 1404 23 72 612
15-10-2017 1409 23 72 622
15-10-2017 1414 24 71 621
15-10-2017 1419 24 71 626
15-10-2017 1424 25 69 619
15-10-2017 1429 25 69 625
15-10-2017 1434 25 69 629
15-10-2017 1439 25 69 627
16-10-2017 4 24 70 614
16-10-2017 9 24 70 625
16-10-2017 14 24 70 624
16-10-2017 19 25 68 623
16-10-2017 24 25 68 915
16-10-2017 29 24 69 906
16-10-2017 34 24 69 905
16-10-2017 39 24 70 916
16-10-2017 44 23 70 906
16-10-2017 49 22 71 907
16-10-2017 54 23 70 916
16-10-2017 59 23 70 906
16-10-2017 64 23 70 916
16-10-2017 69 23 70 906
16-10-2017 74 23 71 905
16-10-2017 79 23 71 904
16-10-2017 84 23 71 912
16-10-2017 89 23 71 911
16-10-2017 94 23 71 904
16-10-2017 99 22 72 911
16-10-2017 104 22 72 912
16-10-2017 109 23 71 893
16-10-2017 114 23 71 906
16-10-2017 119 23 71 903
16-10-2017 124 23 71 894
16-10-2017 129 23 71 891
16-10-2017 134 23 71 909
16-10-2017 139 23 71 896
16-10-2017 144 23 71 910
16-10-2017 149 23 71 910
16-10-2017 154 22 73 906
16-10-2017 159 22 73 904
16-10-2017 164 22 73 912
16-10-2017 169 22 73 896
16-10-2017 174 22 73 904
16-10-2017 179 22 73 911
16-10-2017 184 22 73 901
16-10-2017 189 22 73 902
16-10-2017 194 22 73 902
16-10-2017 199 22 73 902
16-10-2017 204 22 73 892
16-10-2017 209 22 73 896
16-10-2017 214 22 73 911
16-10-2017 219 22 73 899
16-10-2017 224 22 73 892
16-10-2017 229 22 73 901
16-10-2017 234 22 73 912
16-10-2017 239 22 73 910
16-10-2017 244 22 73 900
16-10-2017 249 22 73 899
16-10-2017 254 20 74 911
16-10-2017 259 22 73 907
16-10-2017 264 22 73 906
16-10-2017 269 22 73 893
16-10-2017 274 22 73 901
16-10-2017 279 22 73 912
16-10-2017 284 22 73 911
16-10-2017 289 22 74 902
16-10-2017 294 22 74 913
16-10-2017 299 22 74 903
16-10-2017 304 22 74 904
16-10-2017 309 22 74 896
16-10-2017 314 22 74 898
16-10-2017 319 22 74 913
16-10-2017 324 22 74 903
16-10-2017 329 21 75 902
16-10-2017 334 22 74 912
16-10-2017 339 22 74 912
16-10-2017 344 22 74 894
16-10-2017 349 22 74 900
16-10-2017 354 21 74 909
16-10-2017 359 22 74 898
16-10-2017 364 21 75 901
16-10-2017 369 21 75 897
16-10-2017 374 21 74 874
16-10-2017 379 21 74 870
16-10-2017 384 21 74 874
16-10-2017 389 21 75 865
16-10-2017 394 21 75 846
16-10-2017 399 22 74 847
16-10-2017 404 21 75 825
16-10-2017 409 21 75 820
16-10-2017 414 21 75 804
16-10-2017 419 21 75 798
16-10-2017 424 21 75 781
16-10-2017 429 21 75 782
16-10-2017 434 21 75 768
16-10-2017 439 21 75 754
16-10-2017 444 21 75 742
16-10-2017 449 21 75 731
16-10-2017 454 21 75 732
16-10-2017 459 21 75 714
16-10-2017 464 21 75 704
16-10-2017 469 21 75 699
16-10-2017 474 21 75 700
16-10-2017 479 21 75 679
16-10-2017 484 21 75 692
16-10-2017 489 21 75 686
16-10-2017 494 21 75 680
16-10-2017 499 21 74 684
16-10-2017 504 21 74 679
16-10-2017 509 21 74 673
16-10-2017 514 21 74 675
16-10-2017 519 21 74 656
16-10-2017 524 21 74 653
16-10-2017 529 21 74 656
16-10-2017 534 22 74 660
16-10-2017 539 22 74 651
16-10-2017 544 21 74 651
16-10-2017 549 21 75 640
16-10-2017 554 21 75 634
16-10-2017 559 21 75 634
16-10-2017 564 21 75 619
16-10-2017 569 21 74 628
16-10-2017 574 21 75 620
16-10-2017 579 21 75 609
16-10-2017 584 21 75 603
16-10-2017 589 21 75 600
16-10-2017 594 21 75 594
16-10-2017 599 21 75 600
16-10-2017 604 21 75 593
16-10-2017 609 21 75 591
16-10-2017 614 21 75 591
16-10-2017 619 21 75 573
16-10-2017 624 21 75 579
16-10-2017 629 21 75 575
16-10-2017 634 21 75 567
16-10-2017 639 22 74 563
16-10-2017 644 22 74 561
16-10-2017 649 22 74 557
16-10-2017 654 21 74 556
16-10-2017 659 21 74 559
16-10-2017 664 22 74 565
16-10-2017 669 22 74 548
16-10-2017 674 22 74 544
16-10-2017 679 21 74 565
16-10-2017 684 22 74 557
16-10-2017 689 22 73 559
16-10-2017 694 22 74 556
16-10-2017 699 22 74 573
16-10-2017 704 22 74 567
16-10-2017 709 22 74 568
16-10-2017 714 22 74 586
16-10-2017 719 22 74 583
16-10-2017 724 21 75 590
16-10-2017 729 22 74 579
16-10-2017 734 22 74 590
16-10-2017 739 22 74 598
16-10-2017 744 22 73 599
16-10-2017 749 21 72 580
16-10-2017 754 22 73 574
16-10-2017 759 21 72 586
16-10-2017 764 21 72 601
16-10-2017 769 20 72 602
16-10-2017 774 20 71 617
16-10-2017 779 21 69 613
16-10-2017 784 21 68 621
16-10-2017 789 21 68 632
16-10-2017 794 22 68 635
16-10-2017 799 21 68 628
16-10-2017 804 21 68 627
16-10-2017 809 21 67 638
16-10-2017 814 21 67 630
16-10-2017 819 20 67 625
16-10-2017 824 20 67 633
16-10-2017 829 20 67 641
16-10-2017 834 20 67 626
16-10-2017 839 22 66 626
16-10-2017 844 20 67 621
16-10-2017 849 20 66 629
16-10-2017 854 20 66 620
16-10-2017 859 20 66 626
16-10-2017 864 20 66 633
16-10-2017 869 20 66 646
16-10-2017 874 20 66 656
16-10-2017 879 20 65 683
16-10-2017 884 20 65 703
16-10-2017 889 20 65 714
16-10-2017 894 20 65 729
16-10-2017 899 20 65 731
16-10-2017 904 20 65 749
16-10-2017 909 20 65 757
16-10-2017 914 20 65 779
16-10-2017 919 20 65 791
16-10-2017 924 20 65 787
16-10-2017 929 20 65 805
16-10-2017 934 20 65 798
16-10-2017 939 20 65 815
16-10-2017 944 20 65 822
16-10-2017 949 20 65 828
16-10-2017 954 20 65 847
16-10-2017 959 20 65 842
16-10-2017 964 20 65 862
16-10-2017 969 20 65 861
16-10-2017 974 20 65 872
16-10-2017 979 20 65 880
16-10-2017 984 20 65 886
16-10-2017 989 20 65 890
16-10-2017 994 20 65 902
16-10-2017 999 20 65 908
16-10-2017 1004 20 65 899
16-10-2017 1009 20 65 902
16-10-2017 1014 20 65 903
16-10-2017 1019 20 65 902
16-10-2017 1024 20 65 898
16-10-2017 1029 20 64 902
16-10-2017 1034 20 64 907
16-10-2017 1039 20 64 903
16-10-2017 1044 20 64 902
16-10-2017 1049 20 64 897
16-10-2017 1054 20 64 893
16-10-2017 1059 20 64 906
16-10-2017 1064 20 64 903
16-10-2017 1069 20 64 904
16-10-2017 1074 20 64 905
16-10-2017 1079 20 64 903
16-10-2017 1084 20 64 913
16-10-2017 1089 20 63 902
16-10-2017 1094 20 64 901
16-10-2017 1099 20 63 910
16-10-2017 1104 20 63 903
16-10-2017 1109 20 63 897
16-10-2017 1114 20 63 906
16-10-2017 1119 20 63 892
16-10-2017 1124 20 63 899
16-10-2017 1129 20 63 912
16-10-2017 1134 20 63 903
16-10-2017 1139 20 63 903
16-10-2017 1144 20 63 893
16-10-2017 1149 20 63 905
16-10-2017 1154 20 63 905
16-10-2017 1159 20 63 894
16-10-2017 1164 20 63 913
16-10-2017 1169 20 63 912
16-10-2017 1174 20 63 912
16-10-2017 1179 20 63 912
16-10-2017 1184 20 63 911
16-10-2017 1189 20 63 892
16-10-2017 1194 20 63 903
16-10-2017 1199 20 63 902
16-10-2017 1204 20 62 903
16-10-2017 1209 20 63 909
16-10-2017 1214 20 63 899
16-10-2017 1219 20 63 909
16-10-2017 1224 20 63 905
16-10-2017 1229 20 63 904
16-10-2017 1234 20 63 901
16-10-2017 1239 20 63 906
16-10-2017 1244 20 63 904
16-10-2017 1249 20 63 910
16-10-2017 1254 20 63 910
16-10-2017 1259 20 63 910
16-10-2017 1264 20 62 908
16-10-2017 1269 20 63 898
16-10-2017 1274 20 63 909
16-10-2017 1279 20 63 901
16-10-2017 1284 20 63 902
16-10-2017 1289 20 63 900
16-10-2017 1294 20 63 901
16-10-2017 1299 20 63 901
16-10-2017 1304 20 63 903
16-10-2017 1309 20 63 909
16-10-2017 1314 20 63 901
16-10-2017 1319 20 63 899
16-10-2017 1324 20 63 907
16-10-2017 1329 20 62 903
16-10-2017 1334 20 63 908
16-10-2017 1339 20 63 900
16-10-2017 1343 20 63 903
16-10-2017 1348 20 63 900
16-10-2017 1353 20 63 910
16-10-2017 1358 20 63 901
16-10-2017 1363 20 63 891
16-10-2017 1368 20 63 895
16-10-2017 1373 20 63 910
16-10-2017 1378 20 63 911
16-10-2017 1383 20 60 911
16-10-2017 1388 20 62 904
16-10-2017 1393 20 63 902
16-10-2017 1398 20 60 900
16-10-2017 1403 20 60 903
16-10-2017 1408 20 60 909
16-10-2017 1413 20 60 280
16-10-2017 1418 20 63 304
16-10-2017 1423 20 63 291
16-10-2017 1428 20 63 284
16-10-2017 1433 20 63 292
16-10-2017 1438 20 63 282
17-10-2017 3 20 63 285
17-10-2017 8 20 64 282
17-10-2017 13 20 63 280
17-10-2017 18 20 63 280
17-10-2017 23 20 63 282
17-10-2017 28 20 64 902
17-10-2017 33 20 64 900
17-10-2017 38 20 64 886
17-10-2017 43 20 64 898
17-10-2017 48 20 64 898
17-10-2017 53 20 65 893
17-10-2017 58 20 65 904
17-10-2017 63 20 65 888
17-10-2017 68 20 65 897
17-10-2017 73 20 65 907
17-10-2017 78 20 65 857
17-10-2017 83 20 65 890
17-10-2017 88 20 65 868
17-10-2017 93 20 65 859
17-10-2017 98 20 65 890
17-10-2017 103 20 65 885
17-10-2017 108 20 65 874
17-10-2017 113 20 65 891
17-10-2017 118 20 65 885
17-10-2017 123 20 65 898
17-10-2017 128 20 65 890
17-10-2017 133 20 65 895
17-10-2017 138 20 65 903
17-10-2017 143 20 65 890
17-10-2017 148 20 65 904
17-10-2017 153 20 65 889
17-10-2017 158 20 65 873
17-10-2017 163 20 65 884
17-10-2017 168 20 65 878
17-10-2017 173 20 65 878
17-10-2017 178 20 66 901
17-10-2017 183 20 66 898
17-10-2017 188 20 66 894
17-10-2017 193 20 66 888
17-10-2017 198 20 66 902
17-10-2017 203 20 66 908
17-10-2017 208 20 66 876
17-10-2017 213 20 66 903
17-10-2017 218 20 66 906
17-10-2017 223 20 66 905
17-10-2017 228 20 66 897
17-10-2017 233 20 66 908
17-10-2017 238 20 66 905
17-10-2017 243 20 66 917
17-10-2017 248 20 67 911
17-10-2017 253 22 66 905
17-10-2017 258 20 67 911
17-10-2017 263 20 67 900
17-10-2017 268 20 67 911
17-10-2017 273 20 67 906
17-10-2017 278 19 67 904
17-10-2017 283 20 67 909
17-10-2017 288 20 67 906
17-10-2017 293 20 67 906
17-10-2017 298 20 67 896
17-10-2017 303 20 67 913
17-10-2017 308 20 67 902
17-10-2017 313 21 66 902
17-10-2017 318 20 67 902
17-10-2017 323 20 67 903
17-10-2017 328 20 67 905
17-10-2017 333 20 67 912
17-10-2017 338 20 67 907
17-10-2017 343 19 68 901
17-10-2017 348 19 68 903
17-10-2017 353 19 68 902
17-10-2017 358 19 68 900
17-10-2017 363 20 68 896
17-10-2017 368 21 67 890
17-10-2017 373 20 68 892
17-10-2017 378 20 68 886
17-10-2017 383 20 68 880
17-10-2017 388 20 68 866
17-10-2017 393 20 68 847
17-10-2017 398 20 68 838
17-10-2017 403 21 68 840
17-10-2017 408 20 68 824
17-10-2017 413 20 68 816
17-10-2017 418 20 68 800
17-10-2017 423 21 68 805
17-10-2017 428 20 68 774
17-10-2017 433 19 69 789
17-10-2017 438 20 68 770
17-10-2017 443 20 68 777
17-10-2017 448 21 67 759
17-10-2017 453 21 67 750
17-10-2017 458 20 68 739
17-10-2017 463 20 68 736
17-10-2017 468 20 68 721
17-10-2017 473 20 68 704
17-10-2017 478 21 68 686
17-10-2017 483 20 68 679
17-10-2017 488 21 68 678
17-10-2017 493 19 69 661
17-10-2017 498 21 68 654
17-10-2017 503 21 68 655
17-10-2017 508 21 68 642
17-10-2017 513 21 68 629
17-10-2017 518 21 68 625
17-10-2017 523 21 68 610
17-10-2017 528 21 68 598
17-10-2017 533 21 68 595
17-10-2017 538 21 68 596
17-10-2017 543 21 68 603
17-10-2017 548 21 68 603
17-10-2017 553 21 68 589
17-10-2017 558 19 69 577
17-10-2017 563 21 68 642
17-10-2017 568 21 68 650
17-10-2017 573 21 68 610
17-10-2017 578 21 68 607
17-10-2017 583 21 68 619
17-10-2017 588 21 68 624
17-10-2017 593 21 68 648
17-10-2017 598 21 68 658
17-10-2017 603 21 68 629
17-10-2017 608 21 68 583
17-10-2017 613 21 68 566
17-10-2017 618 19 69 577
17-10-2017 623 21 68 573
17-10-2017 628 21 68 549
17-10-2017 633 21 68 591
17-10-2017 638 21 68 650
17-10-2017 643 20 69 671
17-10-2017 648 20 69 704
17-10-2017 653 20 69 684
17-10-2017 658 20 69 660
17-10-2017 663 21 68 708
17-10-2017 668 20 69 694
17-10-2017 673 20 69 659
17-10-2017 678 19 69 678
17-10-2017 683 19 69 672
17-10-2017 688 20 69 674
17-10-2017 693 21 68 701
17-10-2017 698 20 69 705
17-10-2017 703 21 68 711
17-10-2017 708 21 68 673
17-10-2017 713 21 68 667
17-10-2017 718 21 68 639
17-10-2017 723 21 68 636
17-10-2017 728 20 69 641
17-10-2017 733 20 69 418
17-10-2017 738 19 69 385
17-10-2017 743 20 68 382
17-10-2017 748 21 68 378
17-10-2017 753 20 68 375
17-10-2017 758 20 68 379
17-10-2017 763 21 68 380
17-10-2017 768 20 68 373
17-10-2017 773 21 67 370
17-10-2017 778 21 67 371
17-10-2017 783 21 67 390
17-10-2017 788 21 67 401
17-10-2017 793 21 67 399
17-10-2017 798 21 67 387
17-10-2017 803 21 67 413
17-10-2017 808 21 67 274
17-10-2017 813 21 67 268
17-10-2017 818 21 67 269
17-10-2017 823 21 67 271
17-10-2017 828 21 67 281
17-10-2017 833 21 67 277
17-10-2017 838 21 67 275
17-10-2017 843 21 67 283
17-10-2017 848 21 67 281
17-10-2017 853 21 67 275
17-10-2017 858 21 67 266
17-10-2017 863 20 68 265
17-10-2017 868 21 67 256
17-10-2017 873 21 67 253
17-10-2017 878 21 68 314
17-10-2017 883 21 67 347
17-10-2017 888 21 67 351
17-10-2017 893 21 67 356
17-10-2017 898 21 68 369
17-10-2017 903 21 68 370
17-10-2017 908 21 68 376
17-10-2017 913 21 68 406
17-10-2017 918 21 68 436
17-10-2017 923 25 68 468
17-10-2017 928 21 68 483
17-10-2017 933 21 68 514
17-10-2017 938 21 68 512
17-10-2017 943 21 68 537
17-10-2017 948 21 68 565
17-10-2017 953 21 68 630
17-10-2017 958 21 67 660
17-10-2017 963 21 67 689
17-10-2017 968 22 67 752
17-10-2017 973 22 67 792
17-10-2017 978 23 66 828
17-10-2017 983 22 66 852
17-10-2017 988 22 66 285
17-10-2017 993 23 65 287
17-10-2017 998 23 65 286
17-10-2017 1003 22 66 290
17-10-2017 1008 23 65 289
17-10-2017 1013 23 65 287
17-10-2017 1018 23 65 291
17-10-2017 1023 23 65 298
17-10-2017 1028 23 65 288
17-10-2017 1033 23 65 287
17-10-2017 1038 22 67 282
17-10-2017 1043 21 67 288
17-10-2017 1048 22 67 284
17-10-2017 1053 22 67 287
17-10-2017 1058 21 67 283
17-10-2017 1063 23 67 286
17-10-2017 1068 21 67 288
17-10-2017 1073 21 67 283
17-10-2017 1078 23 67 285
17-10-2017 1083 22 68 296
17-10-2017 1088 21 68 283
17-10-2017 1093 22 68 286
17-10-2017 1098 22 68 286
17-10-2017 1103 21 68 289
17-10-2017 1108 22 68 289
17-10-2017 1113 21 68 283
17-10-2017 1118 21 68 296
17-10-2017 1123 22 68 281
17-10-2017 1128 20 70 220
17-10-2017 1133 21 70 222
17-10-2017 1138 21 70 226
17-10-2017 1143 21 70 222
17-10-2017 1148 21 70 220
17-10-2017 1153 21 69 218
17-10-2017 1158 21 69 210
17-10-2017 1163 21 69 220
17-10-2017 1168 22 69 225
17-10-2017 1173 21 69 215
17-10-2017 1178 21 69 226
17-10-2017 1183 23 69 221
17-10-2017 1188 23 69 219
17-10-2017 1193 21 71 219
17-10-2017 1198 21 70 221
17-10-2017 1203 21 70 214
17-10-2017 1208 21 70 221
17-10-2017 1213 21 70 221
17-10-2017 1218 21 70 220
17-10-2017 1223 21 70 221
17-10-2017 1228 23 69 220
17-10-2017 1233 21 70 216
17-10-2017 1238 21 70 228
17-10-2017 1243 21 70 221
17-10-2017 1248 23 69 222
17-10-2017 1253 23 69 213
17-10-2017 1258 23 69 222
17-10-2017 1263 22 70 227
17-10-2017 1268 23 69 216
17-10-2017 1273 21 69 218
17-10-2017 1278 21 69 220
17-10-2017 1283 22 70 222
17-10-2017 1288 22 70 230
17-10-2017 1293 21 69 221
17-10-2017 1298 21 69 223
17-10-2017 1303 21 69 223
17-10-2017 1308 21 69 218
17-10-2017 1313 21 69 222
17-10-2017 1318 21 70 220
17-10-2017 1323 21 69 220
17-10-2017 1328 21 70 218
17-10-2017 1333 21 70 226
17-10-2017 1338 21 70 218
17-10-2017 1343 21 70 221
17-10-2017 1348 23 69 214
17-10-2017 1353 21 70 217
17-10-2017 1358 21 70 214
17-10-2017 1363 21 69 218
17-10-2017 1368 21 70 218
17-10-2017 1373 21 69 226
17-10-2017 1378 21 69 285
17-10-2017 1383 21 69 289
17-10-2017 1388 21 69 882
17-10-2017 1393 21 69 886
17-10-2017 1398 21 69 889
17-10-2017 1403 21 69 888
17-10-2017 1408 22 69 893
17-10-2017 1413 21 69 892
17-10-2017 1418 21 69 894
17-10-2017 1422 21 69 892
17-10-2017 1427 21 69 905
17-10-2017 1432 21 69 892
17-10-2017 1437 21 69 906
18-10-2017 2 21 69 863
18-10-2017 7 21 69 863
18-10-2017 12 21 69 908
18-10-2017 17 20 71 900
18-10-2017 22 20 71 906
18-10-2017 27 20 71 917
18-10-2017 32 21 70 900
18-10-2017 37 20 72 865
18-10-2017 42 20 72 870
18-10-2017 47 20 72 882
18-10-2017 52 20 72 752
18-10-2017 57 20 72 643
18-10-2017 62 22 71 862
18-10-2017 67 22 71 873
18-10-2017 72 22 71 851
18-10-2017 77 22 71 815
18-10-2017 82 22 71 849
18-10-2017 87 21 71 878
18-10-2017 92 21 71 840
18-10-2017 97 22 71 899
18-10-2017 102 22 71 883
18-10-2017 107 23 70 907
18-10-2017 112 23 70 909
18-10-2017 117 23 70 905
18-10-2017 122 23 70 907
18-10-2017 127 23 70 918
18-10-2017 132 23 70 909
18-10-2017 137 21 70 906
18-10-2017 142 21 70 915
18-10-2017 147 21 70 905
18-10-2017 152 23 69 909
18-10-2017 157 21 70 905
18-10-2017 162 21 70 910
18-10-2017 167 21 70 906
18-10-2017 172 21 70 912
18-10-2017 177 21 70 908
18-10-2017 182 21 70 906
18-10-2017 187 21 70 904
18-10-2017 192 21 70 904
18-10-2017 197 21 70 895
18-10-2017 202 21 70 912
18-10-2017 207 21 70 896
18-10-2017 212 23 69 909
18-10-2017 217 21 70 910
18-10-2017 222 21 70 910
18-10-2017 227 23 69 911
18-10-2017 232 21 70 916
18-10-2017 237 21 70 910
18-10-2017 242 21 70 903
18-10-2017 247 23 69 908
18-10-2017 252 21 70 905
18-10-2017 257 23 69 904
18-10-2017 262 23 69 913
18-10-2017 267 23 69 909
18-10-2017 272 23 69 893
18-10-2017 277 23 69 893
18-10-2017 282 23 69 905
18-10-2017 287 23 69 915
18-10-2017 292 23 69 904
18-10-2017 297 23 70 906
18-10-2017 302 23 70 910
18-10-2017 307 23 70 907
18-10-2017 312 23 70 904
18-10-2017 317 23 70 903
18-10-2017 322 23 70 901
18-10-2017 327 23 70 910
18-10-2017 332 22 71 904
18-10-2017 337 23 70 905
18-10-2017 342 23 70 912
18-10-2017 347 23 70 905
18-10-2017 352 23 70 913
18-10-2017 357 23 70 907
18-10-2017 362 23 70 911
18-10-2017 367 23 70 901
18-10-2017 372 23 70 895
18-10-2017 377 23 70 896
18-10-2017 382 23 70 890
18-10-2017 387 23 70 892
18-10-2017 392 23 70 885
18-10-2017 397 22 71 877
18-10-2017 402 23 70 868
18-10-2017 407 24 70 863
18-10-2017 412 23 70 854
18-10-2017 417 23 70 828
18-10-2017 422 23 70 831
18-10-2017 427 23 70 813
18-10-2017 432 23 70 794
18-10-2017 437 23 70 790
18-10-2017 442 23 70 780
18-10-2017 447 24 70 760
18-10-2017 452 23 70 749
18-10-2017 457 22 71 715
18-10-2017 462 23 69 716
18-10-2017 467 23 69 694
18-10-2017 472 23 69 676
18-10-2017 477 23 69 666
18-10-2017 482 23 69 660
18-10-2017 487 23 69 651
18-10-2017 492 22 70 659
18-10-2017 497 22 70 657
18-10-2017 502 22 70 643
18-10-2017 507 22 70 647
18-10-2017 512 22 70 648
18-10-2017 517 23 69 646
18-10-2017 522 21 69 650
18-10-2017 527 22 70 636
18-10-2017 532 22 70 625
18-10-2017 537 22 70 608
18-10-2017 542 22 70 628
18-10-2017 547 22 69 594
18-10-2017 552 22 69 581
18-10-2017 557 21 69 564
18-10-2017 562 21 70 578
18-10-2017 567 21 70 584
18-10-2017 572 21 70 592
18-10-2017 577 23 69 592
18-10-2017 582 21 70 595
18-10-2017 587 21 70 597
18-10-2017 592 21 70 609
18-10-2017 597 21 70 606
18-10-2017 602 21 70 599
18-10-2017 607 21 70 579
18-10-2017 612 21 70 566
18-10-2017 617 20 71 556
18-10-2017 622 20 71 558
18-10-2017 627 20 71 563
18-10-2017 632 20 71 569
18-10-2017 637 22 70 580
18-10-2017 642 20 71 582
18-10-2017 647 20 71 589
18-10-2017 652 20 71 583
18-10-2017 657 20 71 570
18-10-2017 662 20 71 578
18-10-2017 667 20 71 566
18-10-2017 672 20 71 574
18-10-2017 677 20 71 561
18-10-2017 682 21 70 575
18-10-2017 687 20 71 554
18-10-2017 692 20 71 562
18-10-2017 697 22 71 561
18-10-2017 702 21 70 568
18-10-2017 707 22 71 574
18-10-2017 712 21 71 581
18-10-2017 717 21 71 567
18-10-2017 722 21 71 571
18-10-2017 727 21 70 554
18-10-2017 732 21 70 544
18-10-2017 737 21 70 584
18-10-2017 742 20 70 585
18-10-2017 747 20 70 562
18-10-2017 752 20 70 563
18-10-2017 757 20 70 578
18-10-2017 762 21 69 593
18-10-2017 767 20 70 620
18-10-2017 772 20 70 650
18-10-2017 777 20 70 652
18-10-2017 782 20 70 672
18-10-2017 787 20 70 692
18-10-2017 792 20 70 699
18-10-2017 797 20 70 683
18-10-2017 802 20 70 677
18-10-2017 807 20 70 672
18-10-2017 812 20 70 665
18-10-2017 817 20 70 672
18-10-2017 822 21 69 660
18-10-2017 827 20 70 664
18-10-2017 832 20 70 636
18-10-2017 837 20 70 631
18-10-2017 842 20 70 628
18-10-2017 847 21 69 628
18-10-2017 852 21 69 642
18-10-2017 857 21 69 656
18-10-2017 862 21 69 697
18-10-2017 867 21 69 707
18-10-2017 872 21 69 745
18-10-2017 877 21 69 744
18-10-2017 882 19 69 747
18-10-2017 887 21 68 757
18-10-2017 892 21 68 771
18-10-2017 897 21 68 778
18-10-2017 902 21 68 786
18-10-2017 907 21 68 817
18-10-2017 912 21 68 834
18-10-2017 917 21 68 829
18-10-2017 922 21 68 824
18-10-2017 927 21 68 823
18-10-2017 932 21 68 827
18-10-2017 937 21 68 832
18-10-2017 942 19 69 838
18-10-2017 947 21 68 847
18-10-2017 952 21 68 862
18-10-2017 957 21 68 879
18-10-2017 962 21 68 890
18-10-2017 967 21 68 888
18-10-2017 972 20 69 887
18-10-2017 977 20 69 894
18-10-2017 982 20 69 901
18-10-2017 987 20 69 901
18-10-2017 992 20 69 902
18-10-2017 997 20 69 895
18-10-2017 1002 20 69 904
18-10-2017 1007 19 69 904
18-10-2017 1012 20 69 891
18-10-2017 1017 20 69 914
18-10-2017 1022 20 69 904
18-10-2017 1027 20 69 905
18-10-2017 1032 20 69 909
18-10-2017 1037 20 69 894
18-10-2017 1042 20 69 903
18-10-2017 1047 21 68 903
18-10-2017 1052 21 68 894
18-10-2017 1057 21 68 911
18-10-2017 1062 21 68 908
18-10-2017 1067 19 69 908
18-10-2017 1072 21 68 901
18-10-2017 1077 20 69 896
18-10-2017 1082 21 68 891
18-10-2017 1087 21 68 892
18-10-2017 1092 21 68 902
18-10-2017 1097 21 68 911
18-10-2017 1102 21 68 911
18-10-2017 1107 21 68 910
18-10-2017 1112 20 68 912
18-10-2017 1117 21 68 907
18-10-2017 1122 20 68 903
18-10-2017 1127 20 68 902
18-10-2017 1132 20 68 914
18-10-2017 1137 20 68 905
18-10-2017 1142 20 68 276
18-10-2017 1147 16 51 282
18-10-2017 1152 16 59 280
18-10-2017 1157 17 64 292
18-10-2017 1162 18 64 286
18-10-2017 1167 19 63 281
18-10-2017 1172 19 63 274
18-10-2017 1177 17 51 282
18-10-2017 1182 18 64 356
18-10-2017 1187 19 62 351
18-10-2017 1192 19 60 352
18-10-2017 1197 19 61 354
18-10-2017 1202 19 63 354
18-10-2017 1207 19 63 356
18-10-2017 1212 19 63 351
18-10-2017 1217 20 63 355
18-10-2017 1222 20 63 351
18-10-2017 1227 20 63 350
18-10-2017 1232 20 63 354
18-10-2017 1237 20 63 359
18-10-2017 1242 20 63 353
18-10-2017 1247 20 64 350
18-10-2017 1252 20 63 353
18-10-2017 1257 20 64 351
18-10-2017 1262 20 64 350
18-10-2017 1267 20 64 352
18-10-2017 1272 20 64 355
18-10-2017 1277 21 63 355
18-10-2017 1282 21 63 354
18-10-2017 1287 21 63 355
18-10-2017 1292 21 63 357
18-10-2017 1297 21 63 355
18-10-2017 1302 22 63 356
18-10-2017 1307 22 63 358
18-10-2017 1312 22 63 362
18-10-2017 1317 22 63 357
18-10-2017 1322 22 63 357
18-10-2017 1327 22 63 361
18-10-2017 1332 22 63 361
18-10-2017 1337 22 63 357
18-10-2017 1342 22 63 358
18-10-2017 1347 23 62 360
18-10-2017 1352 23 62 361
18-10-2017 1357 23 63 359
18-10-2017 1362 23 63 360
18-10-2017 1367 23 63 358
18-10-2017 1372 23 63 357
18-10-2017 1377 23 63 357
18-10-2017 1382 23 63 359
18-10-2017 1387 23 63 361
18-10-2017 1392 23 63 361
18-10-2017 1397 23 62 360
18-10-2017 1402 23 62 994
18-10-2017 1407 23 62 998
18-10-2017 1412 23 62 995
18-10-2017 1417 23 63 962
18-10-2017 1422 22 64 1004
18-10-2017 1427 22 64 1004
18-10-2017 1432 22 65 1004
18-10-2017 1437 22 65 1003
19-10-2017 2 21 65 1004
19-10-2017 7 21 65 1003
19-10-2017 12 21 66 1003
19-10-2017 17 21 66 1003
19-10-2017 22 21 66 1003
19-10-2017 27 21 66 1003
19-10-2017 32 21 66 1003
19-10-2017 37 21 66 1003
19-10-2017 42 21 66 1002
19-10-2017 47 21 66 1003
19-10-2017 52 21 67 1003
19-10-2017 57 22 67 1003
19-10-2017 62 21 67 1003
19-10-2017 66 21 67 1003
19-10-2017 71 22 67 1003
19-10-2017 76 22 67 1003
19-10-2017 81 21 67 1003
19-10-2017 86 21 67 1003
19-10-2017 91 21 67 1003
19-10-2017 96 21 67 1003
19-10-2017 101 21 67 1003
19-10-2017 106 21 67 1002
19-10-2017 111 20 68 1003
19-10-2017 116 21 68 1003
19-10-2017 121 21 68 1003
19-10-2017 126 21 68 1003
19-10-2017 131 20 69 1002
19-10-2017 136 21 68 1003
19-10-2017 141 21 68 1003
19-10-2017 146 21 69 1002
19-10-2017 151 21 69 1003
19-10-2017 156 21 69 1003
19-10-2017 161 20 70 1003
19-10-2017 166 20 70 1003
19-10-2017 171 20 70 1003
19-10-2017 176 20 70 1003
19-10-2017 181 20 70 1003
19-10-2017 186 20 70 1003
19-10-2017 191 20 70 1003
19-10-2017 196 20 70 1003
19-10-2017 201 20 70 1005
19-10-2017 206 20 71 1003
19-10-2017 211 20 71 1003
19-10-2017 216 20 71 1003
19-10-2017 221 20 71 1003
19-10-2017 226 20 71 1003
19-10-2017 231 21 71 1003
19-10-2017 236 20 71 1003
19-10-2017 241 20 71 1003
19-10-2017 246 20 71 1003
19-10-2017 251 20 71 1003
19-10-2017 256 20 71 1003
19-10-2017 261 20 71 1003
19-10-2017 266 20 71 1003
19-10-2017 271 20 71 1003
19-10-2017 276 20 71 1003
19-10-2017 281 20 71 1003
19-10-2017 286 20 71 1002
19-10-2017 291 20 71 1002
19-10-2017 296 20 71 1002
19-10-2017 301 20 71 1002
19-10-2017 306 20 71 1002
19-10-2017 311 20 71 1002
19-10-2017 316 20 71 1002
19-10-2017 321 20 71 1002
19-10-2017 326 20 71 1002
19-10-2017 331 20 71 1002
19-10-2017 336 20 71 1002
19-10-2017 341 20 71 1002
19-10-2017 346 21 71 1002
19-10-2017 351 19 72 1001
19-10-2017 356 19 72 1001
19-10-2017 361 19 72 999
19-10-2017 366 19 72 998
19-10-2017 371 19 72 993
19-10-2017 376 19 72 984
19-10-2017 381 19 72 973
19-10-2017 386 19 72 970
19-10-2017 391 19 72 965
19-10-2017 396 19 72 957
19-10-2017 401 19 72 943
19-10-2017 406 21 71 916
19-10-2017 411 19 72 912
19-10-2017 416 20 72 903
19-10-2017 421 19 72 878
19-10-2017 426 20 72 864
19-10-2017 431 20 72 847
19-10-2017 436 20 72 836
19-10-2017 441 20 72 818
19-10-2017 446 20 72 809
19-10-2017 451 20 72 795
19-10-2017 456 20 72 781
19-10-2017 461 20 72 788
19-10-2017 466 20 72 791
19-10-2017 471 21 71 786
19-10-2017 476 20 72 794
19-10-2017 481 20 72 735
19-10-2017 486 20 72 665
19-10-2017 491 20 72 639
19-10-2017 496 20 72 645
19-10-2017 501 20 72 680
19-10-2017 506 20 72 625
19-10-2017 511 19 72 606
19-10-2017 516 19 72 563
19-10-2017 521 20 71 610
19-10-2017 526 20 71 527
19-10-2017 531 21 71 531
19-10-2017 536 20 71 534
19-10-2017 541 21 68 590
19-10-2017 546 21 68 628
19-10-2017 551 20 68 617
19-10-2017 556 21 68 572
19-10-2017 561 21 68 560
19-10-2017 566 21 68 560
19-10-2017 571 21 68 569
19-10-2017 576 21 68 555
19-10-2017 581 21 68 582
19-10-2017 586 21 68 565
19-10-2017 591 19 69 555
19-10-2017 596 21 68 568
19-10-2017 601 21 68 574
19-10-2017 606 21 68 546
19-10-2017 611 21 68 563
19-10-2017 616 21 68 576
19-10-2017 621 21 68 584
19-10-2017 626 20 68 625
19-10-2017 631 20 68 637
19-10-2017 636 21 68 612
19-10-2017 641 20 68 598
19-10-2017 646 20 68 589
19-10-2017 651 19 69 624
19-10-2017 656 20 68 644
19-10-2017 661 21 68 670
19-10-2017 666 20 68 670
19-10-2017 671 21 68 643
19-10-2017 676 20 68 604
19-10-2017 681 20 68 596
19-10-2017 686 20 68 554
19-10-2017 691 20 68 575
19-10-2017 696 20 68 551
19-10-2017 701 20 68 521
19-10-2017 706 20 68 550
19-10-2017 711 20 68 544
19-10-2017 716 20 68 489
19-10-2017 721 19 68 530
19-10-2017 726 19 68 511
19-10-2017 731 19 68 562
19-10-2017 736 19 68 538
19-10-2017 741 19 68 552
19-10-2017 746 19 68 560
19-10-2017 751 19 68 556
19-10-2017 756 19 68 573
19-10-2017 761 19 68 532
19-10-2017 766 19 68 524
19-10-2017 771 19 67 516
19-10-2017 776 21 66 539
19-10-2017 781 19 67 526
19-10-2017 786 19 67 566
19-10-2017 791 19 67 598
19-10-2017 796 19 67 592
19-10-2017 801 19 67 575
19-10-2017 806 19 67 583
19-10-2017 811 19 67 514
19-10-2017 816 19 67 487
19-10-2017 821 19 67 503
19-10-2017 826 19 67 503
19-10-2017 831 19 67 551
19-10-2017 836 20 67 524
19-10-2017 841 19 67 587
19-10-2017 846 19 67 559
19-10-2017 851 19 67 617
19-10-2017 856 19 67 654
19-10-2017 861 19 67 690
19-10-2017 866 19 67 699
19-10-2017 871 19 67 629
19-10-2017 876 19 67 540
19-10-2017 881 19 67 534
19-10-2017 886 19 67 616
19-10-2017 891 19 67 547
19-10-2017 896 20 67 556
19-10-2017 901 19 67 644
19-10-2017 906 19 67 583
19-10-2017 911 19 67 632
19-10-2017 916 19 67 771
19-10-2017 921 19 67 802
19-10-2017 926 19 67 827
19-10-2017 931 19 67 846
19-10-2017 936 19 66 753
19-10-2017 941 19 67 630
19-10-2017 946 19 66 859
19-10-2017 951 19 66 867
19-10-2017 956 20 67 871
19-10-2017 961 19 66 904
19-10-2017 966 19 66 941
19-10-2017 971 19 66 953
19-10-2017 976 19 66 963
19-10-2017 981 19 66 974
19-10-2017 986 19 66 986
19-10-2017 991 19 66 994
19-10-2017 996 19 66 1000
19-10-2017 1001 19 67 1002
19-10-2017 1006 19 66 1003
19-10-2017 1011 19 66 1003
19-10-2017 1016 19 66 1003
19-10-2017 1021 19 66 1003
19-10-2017 1026 19 66 1003
19-10-2017 1031 19 66 1003
19-10-2017 1036 19 66 1003
19-10-2017 1041 19 66 1003
19-10-2017 1046 19 66 1003
19-10-2017 1051 19 66 1003
19-10-2017 1056 19 66 1003
19-10-2017 1061 19 66 1003
19-10-2017 1066 19 66 1003
19-10-2017 1071 19 66 1003
19-10-2017 1076 19 66 1003
19-10-2017 1081 19 66 1003
19-10-2017 1086 19 66 1003
19-10-2017 1091 19 66 1003
19-10-2017 1096 19 66 1003
19-10-2017 1101 19 66 1003
19-10-2017 1106 19 66 1003
19-10-2017 1111 19 66 1003
19-10-2017 1116 19 66 1003
19-10-2017 1121 19 66 1003
19-10-2017 1126 19 66 383
19-10-2017 1131 19 66 358
19-10-2017 1136 19 65 355
19-10-2017 1141 17 58 353
19-10-2017 1146 19 63 354
19-10-2017 1151 19 63 352
19-10-2017 1156 19 63 351
19-10-2017 1161 19 63 352
19-10-2017 1166 19 63 353
19-10-2017 1171 19 63 351
19-10-2017 1176 19 64 1004
19-10-2017 1181 19 63 1003
19-10-2017 1186 19 64 1003
19-10-2017 1191 19 64 1003
19-10-2017 1196 19 64 1003
19-10-2017 1201 19 64 1003
19-10-2017 1206 19 64 1003
19-10-2017 1211 19 64 1003
19-10-2017 1216 19 64 1003
19-10-2017 1221 19 64 1003
19-10-2017 1226 19 64 1003
19-10-2017 1231 19 64 1003
19-10-2017 1236 19 65 1003
19-10-2017 1241 19 64 1003
19-10-2017 1246 19 64 1003
19-10-2017 1251 19 64 1003
19-10-2017 1256 19 65 1003
19-10-2017 1261 19 65 1003
19-10-2017 1266 19 65 390
